"l.x","l.y","f1.x","f1.y","f2.x","f2.y","f3.x","f3.y","X3rdO.x","X3rdO.y","l_g.x","l_g.y","f1_g.x","f1_g.y","f2_g.x","f2_g.y","f3_g.x","f3_g.y","crash","who","with","when","trapped","modi_start.1","rand_seed.1","recog_time.1","p_coef","origin_l.x","origin_l.y","theta"
-0.146116992,-1.796645566,-0.168021973261716,-1.64501639322907,-0.719968240824743,-1.8577460915607,-0.785970372747254,-1.77483062664841,0.114,-1.85,0.241684334,-1.761829709,-0.030495238,-1.635662039,-0.003669859,-1.934460297,-0.27584943,-1.808292628,TRUE,"f1","1stO",70,"null",245,1,325,2,-0.146116992,-1.796645566,0
0.247392074,-1.644632955,0.11002158237978,-1.45060856170653,-0.210694167234001,-1.77000552793529,-0.219611657435305,-1.56919936328764,0.534,-1.85,0.777158374,-1.666626878,0.523796447,-1.50597902,0.511352285,-1.805720814,0.257990358,-1.645072956,FALSE,"null","null",295,"null",217,2,295,2,0.247392074,-1.644632955,0.131029963967594
0.485324854,-2.018696685,0.452253147951126,-1.82089833246021,-0.0340070218590844,-1.94205602764606,0.0232429220981424,-1.8944321561439,0.786,-1.85,1.022553535,-2.131096389,0.798970224,-1.931070133,0.737534061,-2.224712089,0.513950749,-2.024685833,FALSE,"null","null",277,"null",198,3,277,2,0.485324854,-2.018696685,0.295783822705319
-0.154646278,-1.87904417,-0.395900379207901,-1.78575909634743,-0.617927584980271,-2.1453946923242,-0.437137927270674,-2.03320194690132,0.142,-1.85,0.351555658,-1.609520978,0.0517324809999996,-1.599222316,0.192725167,-1.864026135,-0.10709801,-1.853727473,TRUE,"L","1stO",63,"null",243,4,323,2,-0.154646278,-1.87904417,-0.399725639227695
0.069995474,-1.650734837,-0.0404201858017451,-1.4413335137495,-0.449781703901428,-1.70332371828611,-0.376216037325987,-1.59992294290944,0.338,-1.85,0.576529143000001,-1.690447428,0.329240463,-1.52059953,0.305792208,-1.819681758,0.058503528,-1.64983386,FALSE,"null","null",309,"null",231,5,309,2,0.069995474,-1.650734837,0.167778166679838
0.305759365,-1.805390117,0.181589572540083,-1.63510668994448,-0.292881448892563,-2.02412493514146,-0.117528363048632,-1.79306620450956,0.576,-1.85,0.808419373,-1.660452299,0.517223968,-1.58830498,0.600340259,-1.876561258,0.309144854,-1.804413939,FALSE,"null","null",292,"null",212,7,292,2,0.305759365,-1.805390117,-0.191189528142251
0.451011728,-1.652980482,0.312142678646794,-1.51631918763752,-0.0178316186592232,-1.89949089205922,0.0923285586449294,-1.94657874132717,0.758,-1.85,0.926103126,-1.560608755,0.642442935,-1.462951722,0.699699559,-1.757437169,0.416039368,-1.659780136,FALSE,"null","null",279,"null",200,8,279,2,0.451011728,-1.652980482,-0.102495986111204
0.28706687,-1.759781354,0.0611772040933353,-1.66083972449237,-0.222168324213921,-1.84417182161966,-0.241466306153451,-1.78026302572505,0.548,-1.85,0.805767057,-1.692548262,0.528833357,-1.577189146,0.567396282,-1.874700324,0.290462582,-1.759341208,FALSE,"null","null",294,"null",215,9,294,2,0.28706687,-1.759781354,-0.0393622170241992
0.309443587,-1.958659723,0.361747063999955,-1.78871903319351,-0.199611941405258,-1.93337435788595,-0.0673926128182945,-1.8012781306717,0.576,-1.85,0.813075489,-2.062049121,0.588739331,-1.862867575,0.528411131,-2.15673916,0.304074974,-1.957557613,TRUE,"f2","2ndO",210,"null",213,10,292,2,0.309443587,-1.958659723,0.292012125719025
0.018774006,-1.656306978,0.158237623307185,-1.50617405594135,-0.473937149051577,-1.92147999423216,-0.347865856404119,-1.66151001634659,0.296,-1.85,0.509215042,-1.60622845,0.235514186,-1.483395874,0.265988483,-1.781844056,-0.00771237300000001,-1.65901148,FALSE,"null","null",312,"null",232,14,312,2,0.018774006,-1.656306978,-0.0122189847821049
0.409290534,-1.632877867,0.19485439707149,-1.45076440353852,-0.0302876980873981,-1.81801347134036,-0.103539751920797,-1.57392648361325,0.688,-1.85,1.085271598,-1.546672971,0.808575982,-1.430743958,0.84652632,-1.728333897,0.569830704,-1.612404884,TRUE,"f1","1stO",63,"null",206,16,284,2,0.409290534,-1.632877867,-0.0373034513225677
0.428896314,-1.836749555,0.422587191677455,-1.67655612402342,-0.0295925600479459,-1.9799285083954,-0.0584652227598968,-1.93787210624439,0.702,-1.85,0.860659757,-1.783185495,0.584361392,-1.666312856,0.621295899,-1.964030578,0.344997535,-1.847157938,TRUE,"f2","1stO",59,"null",203,17,283,2,0.428896314,-1.836749555,-0.0338906621377664
0.536833553,-1.892929285,0.42206194225564,-1.71562644874011,0.0626594473427883,-1.85484429556318,0.116035069469669,-1.58593288453443,0.814,-1.85,1.206421765,-1.914214682,0.951511226,-1.756035615,0.941979405,-2.055884151,0.687068866,-1.897705084,TRUE,"f1","1stO",58,"null",196,19,275,2,0.536833553,-1.892929285,0.121315603182368
0.464910878,-1.994260567,0.433298548729477,-1.75858105136647,0.0119027146431926,-2.08307265377231,0.102947440819881,-2.15055356723791,0.758,-1.85,0.994525699,-1.928972912,0.718317776,-1.811886689,0.755022094,-2.109632878,0.478814172,-1.992546655,TRUE,"f3","2ndO",193,"null",200,20,279,2,0.464910878,-1.994260567,-0.0331175180243165
0.287775945,-1.660559988,0.0427658005152944,-1.55268995938257,-0.276450619903902,-1.84222123002928,-0.240346629671856,-1.84750161881338,0.575999999999999,-1.85,0.8776041,-1.565497006,0.597238918,-1.458747934,0.644974101000001,-1.75492584,0.364608918,-1.648176768,FALSE,"null","null",292,"null",212,21,292,2,0.287775945,-1.660559988,-0.0702589566249922
0.126009603,-1.758212568,-0.127203859779679,-1.63117751378623,-0.222007151972769,-2.09253783841971,-0.164014508674643,-2.01412847573946,0.422,-1.85,0.659084233,-1.659088513,0.376232903,-1.559112888,0.431077138,-1.854057137,0.148225808,-1.754081513,FALSE,"null","null",303,"null",223,22,303,2,0.126009603,-1.758212568,-0.0943105286392952
0.048305504,-1.701024059,-0.0250792674617299,-1.50655143719769,-0.424769636185472,-1.79348621109803,-0.412798369089354,-1.78419983434201,0.352,-1.85,0.454749096,-1.648395675,0.177830524,-1.533000248,0.216354439,-1.83051648,-0.0605641329999998,-1.715121053,TRUE,"L","1stO",56,"null",228,23,308,2,0.048305504,-1.701024059,-0.0392310979033129
0.230961672,-1.687787799,0.276737567417984,-1.50470773569587,-0.32281067141561,-1.86041886199533,-0.25149244778596,-1.66041089633297,0.506,-1.85,0.686381923,-1.627461985,0.409126824,-1.512877473,0.448521275,-1.810279687,0.171266177,-1.695695175,FALSE,"null","null",297,"null",217,24,297,2,0.230961672,-1.687787799,-0.042157667087012
0.059578536,-1.625462381,-0.0258945562238593,-1.42093359673375,-0.452688683134034,-1.8264143730401,-0.42724443161044,-1.59149594277021,0.338,-1.85,0.590726793,-1.531483946,0.308758609,-1.429043995,0.361027101,-1.724455581,0.079058918,-1.62201563,TRUE,"f3","1stO",60,"null",229,25,309,2,0.059578536,-1.625462381,-0.0855845169742793
0.182563857,-2.00905024,0.154350707313723,-1.82382219564089,-0.304812993531633,-2.14137336253011,-0.27031197788434,-1.89390429382527,0.478,-1.85,0.671477984,-2.129325915,0.455024762,-1.921604941,0.383359733,-2.212919416,0.166906512,-2.005198443,FALSE,"null","null",299,"null",221,26,299,2,0.182563857,-2.00905024,0.330753345772517
0.451685165,-1.942693245,0.222945011208126,-1.69707341183811,-0.0716717508703398,-2.04486588241762,0.0334039855372897,-1.96546566889802,0.716000000000001,-1.85,0.956138862,-1.977625725,0.707314343,-1.810035872,0.686589533,-2.109319153,0.437765014,-1.9417293,FALSE,"null","null",282,"null",202,27,282,2,0.451685165,-1.942693245,0.158675285852858
0.533141115,-1.586170145,0.332433172815372,-1.39389050483959,0.059448507760141,-1.75788552243353,0.0627647593696966,-1.7217402828308,0.772,-1.85,1.032662491,-1.544472543,0.76127748,-1.416604737,0.786233217,-1.715564954,0.514848206,-1.587697148,TRUE,"L","1stO",54,"null",199,28,278,2,0.533141115,-1.586170145,0.0062554880649003
0.422393281,-1.588816481,0.0330754897050151,-1.39168325639285,-0.139149990437313,-1.58316432620632,-0.0399065296222269,-1.53996651385595,0.646,-1.85,0.940033617,-1.572911535,0.675741843,-1.430961339,0.684955254,-1.730819827,0.42066348,-1.588869631,TRUE,"f1","1stO",62,"null",208,31,287,2,0.422393281,-1.588816481,0.0588213184049751
0.316717319,-1.639599722,0.172874776851824,-1.51559517103845,-0.0823637234758923,-1.69765738961882,-0.0913379064117596,-1.67440262485557,0.59,-1.85,0.765336847,-1.646865357,0.507992305,-1.492677852,0.50313428,-1.792638516,0.245789738,-1.638451012,TRUE,"f3","2ndO",213,"null",212,32,291,2,0.316717319,-1.639599722,0.105731640656082
0.054566056,-1.635821026,-0.0625098850539779,-1.4734373488307,-0.418112573855823,-1.76951279100304,-0.378515877956808,-1.7452503087498,0.338,-1.85,0.472714143,-1.607367265,0.203322435,-1.475351708,0.223689463,-1.774659549,-0.0457022459999998,-1.642643992,FALSE,"null","null",309,"null",230,33,309,2,0.054566056,-1.635821026,0.0215951641372714
-0.06566284,-1.79916836,-0.133188052542588,-1.64439881133106,-0.42555083674895,-1.93570479827901,-0.440786258935045,-1.8788731989469,0.198,-1.85,0.504447433,-1.71148389,0.224856978,-1.602721868,0.270461531,-1.899235316,-0.00912892399999997,-1.790473294,FALSE,"null","null",319,"null",239,34,319,2,-0.06566284,-1.79916836,-0.0630693112278859
0.071986984,-1.78370098,0.0254318161748834,-1.54870034122314,-0.393368434468299,-1.79541130194795,-0.338073528580532,-1.56699876186964,0.366,-1.85,0.60539205,-1.859231559,0.369180904,-1.674287529,0.327120249,-1.971324397,0.090909102,-1.786380367,FALSE,"null","null",307,"null",228,35,307,2,0.071986984,-1.78370098,0.230203130891679
-0.175446277,-1.754650654,-0.2996395466009,-1.57612793109561,-0.581688713220813,-1.99684778262584,-0.633194450485254,-1.78000548915195,0.114,-1.85,0.363400573,-1.651539061,0.0800309949999998,-1.553041943,0.136414778,-1.847695755,-0.146954801,-1.749198638,TRUE,"L","2ndO",228,"null",245,36,325,2,-0.175446277,-1.754650654,-0.0995328839740669
0.150199953,-1.615827847,0.0934998105233634,-1.40902799235592,-0.312231622193498,-1.85911954862607,-0.265982612770705,-1.70197022361953,0.422,-1.85,0.661245424,-1.488772282,0.372922193000001,-1.405888541,0.445304383,-1.697025654,0.156981152,-1.614141912,TRUE,"L","2ndO",207,"null",223,38,303,2,0.150199953,-1.615827847,-0.154140868875971
0.378794683,-1.843490068,0.0346984764096233,-1.62460231375452,-0.180754145018288,-1.89756470831537,0.0127701229983463,-1.91379322339099,0.631999999999999,-1.85,1.006244205,-1.820725781,0.741168884,-1.680244201,0.752045928,-1.980046953,0.486970607,-1.839565373,FALSE,"null","null",288,"null",208,39,288,2,0.378794683,-1.843490068,0.0532727568699818
0.419231338,-1.735604944,0.216549426653301,-1.55657390912626,-0.0337622244808414,-1.7123408339113,0.024846166687172,-1.67140130223757,0.674,-1.85,0.947090096,-1.7736023,0.698722717,-1.605335712,0.677183266,-1.904561466,0.428815887,-1.736294877,FALSE,"null","null",285,"null",206,40,285,2,0.419231338,-1.735604944,0.161397515284698
0.359691043,-1.689562212,0.618001960960139,-1.48811547497789,-0.0679476400260897,-1.77622228382445,-0.115616112032564,-1.73500367269567,0.66,-1.85,0.88563138,-1.704095973,0.630066397,-1.546976465,0.621779403,-1.846861986,0.366214421,-1.689742478,FALSE,"null","null",286,"null",208,41,286,2,0.359691043,-1.689562212,0.117164345563139
0.395097023,-1.664158417,0.298033191762345,-1.48708765110817,-0.181726041740888,-1.88513011146087,-0.00291129762812026,-1.74643483306338,0.688,-1.85,0.884182971,-1.613502305,0.610304475,-1.491066323,0.641211053,-1.789470049,0.367332557,-1.667034067,FALSE,"null","null",284,"null",204,43,284,2,0.395097023,-1.664158417,-0.013667519415529
0.119369686,-1.67565172,0.07971192610155,-1.48530640374766,-0.350525825800775,-1.78261555228969,-0.293328962576926,-1.60948347111267,0.38,-1.85,0.607339588,-1.71221107,0.359464877,-1.543219568,0.337051299,-1.842381115,0.089176588,-1.673389614,TRUE,"f2","1stO",66,"null",226,47,306,2,0.119369686,-1.67565172,0.164319126602925
0.186695427,-1.821673601,0.0873679567400392,-1.57979484938428,-0.223384522146692,-1.92522403099852,-0.2933535061007,-1.6920967569625,0.492,-1.85,0.684377362,-1.9033933,0.452307548,-1.713278595,0.403698291,-2.009314303,0.171628476,-1.819199598,FALSE,"null","null",298,"null",219,48,298,2,0.186695427,-1.821673601,0.252285875637908
-0.071214948,-1.814732968,0.0286071538514711,-1.66529734537152,-0.518848437922813,-1.93706551536127,-0.51193561213661,-1.76110593451571,0.198,-1.85,0.43224668,-1.789791906,0.165335503,-1.652830512,0.180179046000001,-1.952463069,-0.086732132,-1.815501676,FALSE,"null","null",319,"null",239,49,319,2,-0.071214948,-1.814732968,0.0400388313711188
0.302960096,-2.029950992,0.256502718022958,-1.76819942195157,-0.247423244777437,-2.11620458681935,-0.136763330581323,-1.97391452072981,0.59,-1.85,0.852820349,-2.105566693,0.615870444,-1.92157011,0.574999682,-2.218773039,0.338049777,-2.034776456,TRUE,"f2","1stO",61,"null",211,50,291,2,0.302960096,-2.029950992,0.226198379454406
0.211260098,-1.597889945,0.244323415877959,-1.40825716442963,-0.26341052912907,-1.43197218657849,-0.246296644891637,-1.36523834285589,0.45,-1.85,0.738369661,-1.775180822,0.539937336,-1.550181684,0.444298529,-1.834528688,0.245866204,-1.60952955,TRUE,"f3","2ndO",219,"null",223,52,301,2,0.211260098,-1.597889945,0.413996478297124
0.228442965,-1.588702799,-0.0189601838799684,-1.40248164040695,-0.271091379367829,-1.68741748067181,-0.11316945124366,-1.58178788697062,0.464,-1.85,0.671461968,-1.568819254,0.40519011,-1.430619045,0.418641146,-1.730317342,0.152369289,-1.592117132,FALSE,"null","null",300,"null",221,55,300,2,0.228442965,-1.588702799,0.0446856942308714
-0.193860445,-1.610437896,-0.381472663206173,-1.45143211804557,-0.664660147090187,-1.74790309985004,-0.719504604566969,-1.55266712086551,0.0580000000000004,-1.85,0.0136175670000002,-1.591028251,-0.259032138,-1.465879786,-0.231089035,-1.76457559,-0.50373874,-1.639427125,FALSE,"null","null",329,"null",249,56,329,2,-0.193860445,-1.610437896,-0.00374137019290718
0.430924612,-2.10565635,0.472334252582414,-1.88052776982234,-0.16746552699373,-2.05899041384941,-0.0180403275015611,-1.96949957366841,0.646,-1.85,0.977553046999999,-2.18326252,0.741409295,-1.998232445,0.699240426,-2.29525397,0.463096674,-2.110223896,TRUE,"f3","2ndO",199,"null",207,57,287,2,0.430924612,-2.10565635,0.230567451374196
0.38722977,-1.832900918,0.270485828456346,-1.65390398272365,-0.0796915994392168,-2.18189529761252,-0.0477563394547867,-1.96056003177317,0.66,-1.85,0.927696046,-1.600828224,0.629782673,-1.565506533,0.748149878,-1.841167928,0.450236504,-1.805846237,TRUE,"f1","1stO",56,"null",206,60,286,2,0.38722977,-1.832900918,-0.316048551996106
0.104379873,-1.730158487,-0.151600043712756,-1.55563820599801,-0.366478445061823,-1.99124943445152,-0.301160898650706,-1.71076511201617,0.366,-1.85,0.677945114,-1.686042517,0.407399281,-1.5564086,0.430405932,-1.855525123,0.159860099,-1.725891206,TRUE,"f2","1stO",67,"null",227,61,307,2,0.104379873,-1.730158487,0.0127733099648597
0.482688949,-1.823644333,0.530797410211653,-1.62398811490761,-0.118686842608293,-1.86754539012615,0.114532613202974,-1.79020082956115,0.772,-1.85,0.982185842,-1.772927649,0.708554768,-1.649939699,0.738859616,-1.948405135,0.465228543,-1.825417185,FALSE,"null","null",278,"null",199,62,278,2,0.482688949,-1.823644333,-0.0116512338026495
0.500943168,-1.894387226,0.233531057148364,-1.76587301346956,0.190888213199959,-2.25493650700341,0.0756908083345323,-2.12288602755217,0.8,-1.85,1.099226828,-1.619173982,0.800508138,-1.591476613,0.925880859,-1.864023272,0.627162169,-1.836325903,TRUE,"L","1stO",53,"null",196,63,276,2,0.500943168,-1.894387226,-0.341605031211385
0.302155838,-1.800564783,0.139564763577119,-1.58231643088867,-0.231856215548022,-1.86338853292412,-0.0550161265263143,-1.76675407669207,0.576,-1.85,0.853974647,-1.793334036,0.592223975,-1.646751004,0.596154681,-1.946725252,0.334404009,-1.80014222,FALSE,"null","null",292,"null",213,64,292,2,0.302155838,-1.800564783,0.0764347869665537
0.33687062,-1.791182113,0.305754906661551,-1.66298514357073,-0.10308205434169,-2.07123456837607,-0.172842827693361,-1.9125641153675,0.632,-1.85,0.934426639,-1.688052406,0.652893235,-1.584423536,0.703914703,-1.88005305,0.4223813,-1.77642418,TRUE,"f1","1stO",60,"null",209,65,288,2,0.33687062,-1.791182113,-0.0813647684787201
0.172247262,-1.748969305,0.0931646437590043,-1.61003766901054,-0.217603667881636,-1.85796654113422,-0.101531347927427,-1.51187528297818,0.436,-1.85,0.6017605,-1.77920756,0.353128451,-1.611332296,0.332060232,-1.910591598,0.083428184,-1.742716334,FALSE,"null","null",302,"null",222,68,302,2,0.172247262,-1.748969305,0.159822769412835
0.311354009,-1.939048353,-0.0831174704768386,-1.89189549012179,-0.0722215177788984,-2.13394359836882,-0.0503486611074344,-2.12319140551624,0.576,-1.85,0.865495728,-1.70630851,0.567872859000001,-1.668617292,0.684042741,-1.945211866,0.386419872,-1.907520648,TRUE,"f1","1stO",56,"null",212,71,292,2,0.311354009,-1.939048353,-0.308090966388549
0.391007558,-1.733203397,0.239345881002608,-1.53733872408065,-0.0954467966685996,-1.76536394998369,0.0243331204429178,-1.76994842709986,0.66,-1.85,0.857133415,-1.649012649,0.574801369,-1.547579835,0.628123998,-1.842802966,0.345791952,-1.741370152,TRUE,"f2","2ndO",204,"null",206,72,286,2,0.391007558,-1.733203397,-0.0891540193721678
0.209664629,-1.999912247,0.136208300228258,-1.82419102159167,-0.352643313561561,-2.26205200755698,-0.301130604219939,-2.08791606057747,0.464,-1.85,0.708367039,-1.957462432,0.436773478,-1.830038189,0.462217627,-2.128957233,0.190624066,-2.00153299,TRUE,"f3","1stO",66,"null",220,73,300,2,0.209664629,-1.999912247,0.00462167577118523
0.232275727,-1.680055539,0.0246690522326187,-1.50363544557665,-0.18094137083429,-1.86593703491032,-0.0572434579523893,-1.71923498758496,0.491999999999999,-1.85,0.757888610000001,-1.55585987,0.470550244,-1.46962378,0.539536782,-1.76158415,0.252198416,-1.67534806,FALSE,"null","null",298,"null",218,74,298,2,0.232275727,-1.680055539,-0.142494058080958
0.242661043,-1.800993118,0.215193016402599,-1.63082638424515,-0.194566867784182,-2.06329170317618,-0.253832890461254,-1.8736320279314,0.534,-1.85,0.776695223,-1.746201043,0.502934697,-1.623501514,0.533554051,-1.921934848,0.259793525,-1.79923532,TRUE,"f2","1stO",65,"null",216,76,295,2,0.242661043,-1.800993118,-0.0127050357027135
0.292509879,-1.809646041,0.283389555985629,-1.6230502440467,-0.279718345344848,-1.89641181125653,-0.101868745079862,-1.63145423369832,0.59,-1.85,0.837629266,-1.855369413,0.591268416,-1.684178491,0.566193154,-1.983128706,0.319832304,-1.811937784,TRUE,"f2","1stO",58,"null",213,77,291,2,0.292509879,-1.809646041,0.173219358590673
0.453047541,-1.686082977,0.227807041322471,-1.4766688071641,-0.0268686378071284,-1.76115132187024,0.103627904999051,-1.57663526796006,0.716,-1.85,0.986759944,-1.66063127,0.720102152,-1.523177197,0.734392329,-1.822836656,0.467734537,-1.685382583,FALSE,"null","null",282,"null",202,79,282,2,0.453047541,-1.686082977,0.0418855622015053
-0.185582385,-1.800963649,-0.416820223478315,-1.65261634253098,-0.613371379985011,-1.95185948707605,-0.522929155581833,-1.82507025619015,0.0719999999999998,-1.85,0.373862544,-1.646502339,0.0835040579999996,-1.571057329,0.163346005,-1.860237659,-0.127012481,-1.784792649,FALSE,"null","null",328,"null",248,80,328,2,-0.185582385,-1.800963649,-0.179848683505683
0.253670253,-1.594925295,0.259474890633116,-1.46219002031839,-0.302656008378219,-1.72076809926652,-0.153522954887858,-1.55490797932754,0.492,-1.85,0.803566479,-1.577598231,0.539163628,-1.435855039,0.548611849,-1.73570622,0.284208998,-1.593963029,TRUE,"f2","1stO",66,"null",219,81,298,2,0.253670253,-1.594925295,0.0580382416425873
0.392045625,-1.59514421,0.145704333291734,-1.41476594537525,-0.0440232479098217,-1.74615290099769,-0.0723708460630898,-1.46452295582125,0.646,-1.85,0.914695326,-1.524576456,0.637153219,-1.410688885,0.677294742,-1.707991186,0.399752635,-1.594103615,TRUE,"L","f3",11,"null",208,84,287,2,0.392045625,-1.59514421,-0.0446700845045735
0.358895706,-1.751962836,0.215185180687941,-1.55968995652548,-0.0443035935349718,-1.9088926986739,-0.115946239917103,-1.80348679357483,0.618,-1.85,0.799002613,-1.722651888,0.529801412,-1.590248288,0.549737131,-1.889585167,0.28053593,-1.757181566,TRUE,"f1","1stO",55,"null",209,85,289,2,0.358895706,-1.751962836,0.0230361148782924
0.125836824,-1.756177677,0.0373286632340061,-1.58864659048872,-0.331746271061025,-2.04088890021699,-0.195288891790385,-1.89523663388887,0.38,-1.85,0.612445761,-1.551606774,0.314810080000001,-1.514016857,0.431074098,-1.790571876,0.133438418,-1.752981959,FALSE,"null","null",306,"null",226,86,306,2,0.125836824,-1.756177677,-0.308431329254271
0.186401854,-1.601103203,0.0920678997147412,-1.44499304196937,-0.329079832871276,-1.61056399980491,-0.261213400212595,-1.43871117221543,0.422,-1.85,0.661068562,-1.597542891,0.400143182,-1.449495783,0.402393315,-1.749487344,0.141467936,-1.601440236,FALSE,"null","null",303,"null",223,88,303,2,0.186401854,-1.601103203,0.0820370015837526
0.365226811,-1.783635883,0.253435657570486,-1.61566636731449,-0.139128134815084,-1.9030582320368,-0.2482247419337,-1.7825539891245,0.646,-1.85,0.87328861,-1.826873086,0.627136085,-1.655382752,0.601697362,-1.954302259,0.355544837,-1.782811925,TRUE,"L","2ndO",191,"null",207,89,287,2,0.365226811,-1.783635883,0.174435209263584
0.076923235,-1.796960482,0.0265257502181786,-1.59049023514393,-0.399673093910554,-1.96556462565749,-0.287697357347385,-1.76820316412623,0.352000000000001,-1.85,0.513257916,-1.741048634,0.236492291,-1.62528686,0.274622466,-1.92285381,-0.00214316000000001,-1.807092035,TRUE,"f1","1stO",59,"null",228,90,308,2,0.076923235,-1.796960482,-0.0379077891531824
0.272107399,-1.656503373,0.191559239467709,-1.5023304977218,-0.163584647585016,-1.90256317985866,-0.14392209667252,-1.66061744648129,0.562,-1.85,0.852207648,-1.495989441,0.56180695,-1.420707075,0.641810857,-1.709842639,0.351410159,-1.634560273,FALSE,"null","null",293,"null",213,92,293,2,0.272107399,-1.656503373,-0.18040879105931
-0.146116992,-1.796645566,-0.180456751320168,-1.5924580868362,-0.656629072441599,-2.11194073103128,-0.740488664303128,-1.93010704556418,0.114,-1.85,0.241684334,-1.761829709,-0.030495238,-1.635662039,-0.003669859,-1.934460297,-0.27584943,-1.808292628,TRUE,"f1","1stO",70,"null",245,1,325,2,-0.146116992,-1.796645566,0
0.247392074,-1.644632955,0.244407745506505,-1.50837347203369,-0.14264916286612,-1.60894972936015,-0.3232395618348,-1.64254944532393,0.534,-1.85,0.777158374,-1.666626878,0.523796447,-1.50597902,0.511352285,-1.805720814,0.257990358,-1.645072956,FALSE,"null","null",295,"null",217,2,295,2,0.247392074,-1.644632955,0.131029963967594
0.485324854,-2.018696685,0.377063513579305,-1.80395650834611,-0.0838726664447554,-2.1272423291489,0.0149737047700865,-1.8630864549541,0.786,-1.85,1.022553535,-2.131096389,0.798970224,-1.931070133,0.737534061,-2.224712089,0.513950749,-2.024685833,FALSE,"null","null",277,"null",198,3,277,2,0.485324854,-2.018696685,0.295783822705319
-0.154646278,-1.87904417,-0.5163839045005,-1.81762572328946,-0.335278753667844,-2.36490575263563,-0.376358847556089,-2.08452489085208,0.142,-1.85,0.351555658,-1.609520978,0.0517324809999996,-1.599222316,0.192725167,-1.864026135,-0.10709801,-1.853727473,TRUE,"L","1stO",63,"null",243,4,323,2,-0.154646278,-1.87904417,-0.399725639227695
0.069995474,-1.650734837,-0.0178542562612124,-1.50373842041866,-0.397861810981062,-1.68961343522464,-0.21735350653573,-1.54118643672972,0.338,-1.85,0.576529143000001,-1.690447428,0.329240463,-1.52059953,0.305792208,-1.819681758,0.058503528,-1.64983386,FALSE,"null","null",309,"null",231,5,309,2,0.069995474,-1.650734837,0.167778166679838
0.305759365,-1.805390117,-0.038682995792191,-1.71793008666553,-0.145136042777928,-2.06799137332879,-0.227342735847922,-1.85162584625412,0.576,-1.85,0.808419373,-1.660452299,0.517223968,-1.58830498,0.600340259,-1.876561258,0.309144854,-1.804413939,FALSE,"null","null",292,"null",212,7,292,2,0.305759365,-1.805390117,-0.191189528142251
0.451011728,-1.652980482,0.178755093686411,-1.51575103897646,-0.0735734258815089,-2.03673314377055,-0.0553718269617803,-1.54427736033625,0.758,-1.85,0.926103126,-1.560608755,0.642442935,-1.462951722,0.699699559,-1.757437169,0.416039368,-1.659780136,FALSE,"null","null",279,"null",200,8,279,2,0.451011728,-1.652980482,-0.102495986111204
0.28706687,-1.759781354,0.288478658736896,-1.53074616074724,-0.25613234158631,-1.93442834841975,-0.0528822152482911,-1.78219581634647,0.548,-1.85,0.805767057,-1.692548262,0.528833357,-1.577189146,0.567396282,-1.874700324,0.290462582,-1.759341208,FALSE,"null","null",294,"null",215,9,294,2,0.28706687,-1.759781354,-0.0393622170241992
0.309443587,-1.958659723,0.399350654757824,-1.80826301818318,-0.129519984580689,-2.03818085262434,-0.0495732759905986,-1.63704961476176,0.576,-1.85,0.813075489,-2.062049121,0.588739331,-1.862867575,0.528411131,-2.15673916,0.304074974,-1.957557613,TRUE,"f2","2ndO",210,"null",213,10,292,2,0.309443587,-1.958659723,0.292012125719025
0.018774006,-1.656306978,-0.154507028432175,-1.49116851592983,-0.451263155774741,-1.70156116727739,-0.389466958618257,-1.82667812384413,0.296,-1.85,0.509215042,-1.60622845,0.235514186,-1.483395874,0.265988483,-1.781844056,-0.00771237300000001,-1.65901148,FALSE,"null","null",312,"null",232,14,312,2,0.018774006,-1.656306978,-0.0122189847821049
0.409290534,-1.632877867,0.233101888571621,-1.50483440542756,0.0649993329138365,-1.66425112892715,0.208181682608419,-1.49342553341469,0.688,-1.85,1.085271598,-1.546672971,0.808575982,-1.430743958,0.84652632,-1.728333897,0.569830704,-1.612404884,TRUE,"f1","1stO",63,"null",206,16,284,2,0.409290534,-1.632877867,-0.0373034513225677
0.428896314,-1.836749555,0.211992525565648,-1.69442904830265,-0.0886874885780048,-1.80816537342057,0.165392158669952,-1.93449758652058,0.702,-1.85,0.860659757,-1.783185495,0.584361392,-1.666312856,0.621295899,-1.964030578,0.344997535,-1.847157938,TRUE,"f2","1stO",59,"null",203,17,283,2,0.428896314,-1.836749555,-0.0338906621377664
0.536833553,-1.892929285,0.638867087765988,-1.69224200874852,0.0327585802615287,-2.0698159577935,0.144780231187975,-1.91480627213344,0.814,-1.85,1.206421765,-1.914214682,0.951511226,-1.756035615,0.941979405,-2.055884151,0.687068866,-1.897705084,TRUE,"f1","1stO",58,"null",196,19,275,2,0.536833553,-1.892929285,0.121315603182368
0.464910878,-1.994260567,0.71493425587432,-1.76558947425415,0.0562112913705092,-2.27337103280358,0.103228248127128,-2.02727747636995,0.758,-1.85,0.994525699,-1.928972912,0.718317776,-1.811886689,0.755022094,-2.109632878,0.478814172,-1.992546655,TRUE,"f3","2ndO",193,"null",200,20,279,2,0.464910878,-1.994260567,-0.0331175180243165
0.287775945,-1.660559988,0.00736893864610405,-1.48645322413822,-0.0871670938071043,-1.89852592081576,-0.228837356543785,-1.70787841767062,0.575999999999999,-1.85,0.8776041,-1.565497006,0.597238918,-1.458747934,0.644974101000001,-1.75492584,0.364608918,-1.648176768,FALSE,"null","null",292,"null",212,21,292,2,0.287775945,-1.660559988,-0.0702589566249922
0.126009603,-1.758212568,0.224683763410586,-1.57206081878763,-0.403168438402605,-1.98252348485173,-0.180677988909235,-1.91974595882803,0.422,-1.85,0.659084233,-1.659088513,0.376232903,-1.559112888,0.431077138,-1.854057137,0.148225808,-1.754081513,FALSE,"null","null",303,"null",223,22,303,2,0.126009603,-1.758212568,-0.0943105286392952
0.048305504,-1.701024059,-0.0170813471189367,-1.51166709328284,-0.415855122752255,-1.89042871332216,-0.459058544198872,-1.8368436537797,0.352,-1.85,0.454749096,-1.648395675,0.177830524,-1.533000248,0.216354439,-1.83051648,-0.0605641329999998,-1.715121053,TRUE,"L","1stO",56,"null",228,23,308,2,0.048305504,-1.701024059,-0.0392310979033129
0.230961672,-1.687787799,-0.110126421037372,-1.51078650155648,-0.225682815419113,-1.77762949079326,-0.359814596765522,-1.82969913819441,0.506,-1.85,0.686381923,-1.627461985,0.409126824,-1.512877473,0.448521275,-1.810279687,0.171266177,-1.695695175,FALSE,"null","null",297,"null",217,24,297,2,0.230961672,-1.687787799,-0.042157667087012
0.059578536,-1.625462381,0.0964006606727487,-1.45741722114883,-0.394560081054491,-2.00488709558427,-0.351300821084629,-1.78651175366295,0.338,-1.85,0.590726793,-1.531483946,0.308758609,-1.429043995,0.361027101,-1.724455581,0.079058918,-1.62201563,TRUE,"f3","1stO",60,"null",229,25,309,2,0.059578536,-1.625462381,-0.0855845169742793
0.182563857,-2.00905024,0.0521307580171885,-1.77098550351715,-0.2494665780107,-2.0876819378172,-0.155928357613618,-1.84487954833546,0.478,-1.85,0.671477984,-2.129325915,0.455024762,-1.921604941,0.383359733,-2.212919416,0.166906512,-2.005198443,FALSE,"null","null",299,"null",221,26,299,2,0.182563857,-2.00905024,0.330753345772517
0.451685165,-1.942693245,0.629057423772562,-1.78058772064471,0.0728352912210398,-2.04935407022224,-0.000874146996874381,-1.81443017029786,0.716000000000001,-1.85,0.956138862,-1.977625725,0.707314343,-1.810035872,0.686589533,-2.109319153,0.437765014,-1.9417293,FALSE,"null","null",282,"null",202,27,282,2,0.451685165,-1.942693245,0.158675285852858
0.533141115,-1.586170145,0.172980326673735,-1.43090228064432,0.0579411717807218,-1.8132081750453,-0.0189834686047441,-1.72593498433276,0.772,-1.85,1.032662491,-1.544472543,0.76127748,-1.416604737,0.786233217,-1.715564954,0.514848206,-1.587697148,TRUE,"L","1stO",54,"null",199,28,278,2,0.533141115,-1.586170145,0.0062554880649003
0.422393281,-1.588816481,0.60197408571271,-1.44049555486078,-0.118341079540604,-1.85272624709368,0.0526565557469109,-1.62071966379761,0.646,-1.85,0.940033617,-1.572911535,0.675741843,-1.430961339,0.684955254,-1.730819827,0.42066348,-1.588869631,TRUE,"f1","1stO",62,"null",208,31,287,2,0.422393281,-1.588816481,0.0588213184049751
0.316717319,-1.639599722,0.31493811152915,-1.41574217718927,-0.0820804611988729,-1.63623771851097,0.0261187037969695,-1.59849142529401,0.59,-1.85,0.765336847,-1.646865357,0.507992305,-1.492677852,0.50313428,-1.792638516,0.245789738,-1.638451012,TRUE,"f3","2ndO",213,"null",212,32,291,2,0.316717319,-1.639599722,0.105731640656082
0.054566056,-1.635821026,-0.301604035884367,-1.52754489614076,-0.305366312285345,-1.90427031930756,-0.485535469745901,-1.62099603245925,0.338,-1.85,0.472714143,-1.607367265,0.203322435,-1.475351708,0.223689463,-1.774659549,-0.0457022459999998,-1.642643992,FALSE,"null","null",309,"null",230,33,309,2,0.054566056,-1.635821026,0.0215951641372714
-0.06566284,-1.79916836,-0.162192332473002,-1.62683654320844,-0.484847385166379,-1.92271938352539,-0.40008475608081,-2.0693395314941,0.198,-1.85,0.504447433,-1.71148389,0.224856978,-1.602721868,0.270461531,-1.899235316,-0.00912892399999997,-1.790473294,FALSE,"null","null",319,"null",239,34,319,2,-0.06566284,-1.79916836,-0.0630693112278859
0.071986984,-1.78370098,0.136004209539848,-1.60780044285202,-0.362126144253383,-1.85298192340063,-0.2216256825896,-1.62693596344658,0.366,-1.85,0.60539205,-1.859231559,0.369180904,-1.674287529,0.327120249,-1.971324397,0.090909102,-1.786380367,FALSE,"null","null",307,"null",228,35,307,2,0.071986984,-1.78370098,0.230203130891679
-0.175446277,-1.754650654,-0.421568336584884,-1.60286839740482,-0.571807850730826,-2.08291578004712,-0.677256261050639,-1.95466298675111,0.114,-1.85,0.363400573,-1.651539061,0.0800309949999998,-1.553041943,0.136414778,-1.847695755,-0.146954801,-1.749198638,TRUE,"L","2ndO",228,"null",245,36,325,2,-0.175446277,-1.754650654,-0.0995328839740669
0.150199953,-1.615827847,0.0778817153937531,-1.46052663160247,-0.280501512678974,-1.94863806884866,-0.237685937415695,-1.7460630833385,0.422,-1.85,0.661245424,-1.488772282,0.372922193000001,-1.405888541,0.445304383,-1.697025654,0.156981152,-1.614141912,TRUE,"L","2ndO",207,"null",223,38,303,2,0.150199953,-1.615827847,-0.154140868875971
0.378794683,-1.843490068,0.410169689137381,-1.63644934269727,-0.0882027008848981,-2.00471223297371,-0.0396884740374124,-1.84562427968232,0.631999999999999,-1.85,1.006244205,-1.820725781,0.741168884,-1.680244201,0.752045928,-1.980046953,0.486970607,-1.839565373,FALSE,"null","null",288,"null",208,39,288,2,0.378794683,-1.843490068,0.0532727568699818
0.419231338,-1.735604944,0.401096562954288,-1.51508107207931,-0.126988393788322,-1.72942410326983,0.0201620957479673,-1.63354301197989,0.674,-1.85,0.947090096,-1.7736023,0.698722717,-1.605335712,0.677183266,-1.904561466,0.428815887,-1.736294877,FALSE,"null","null",285,"null",206,40,285,2,0.419231338,-1.735604944,0.161397515284698
0.359691043,-1.689562212,0.42109152202071,-1.53633122146694,-0.0576607719778847,-1.73952900064002,-0.0801279577222724,-1.5709873908356,0.66,-1.85,0.88563138,-1.704095973,0.630066397,-1.546976465,0.621779403,-1.846861986,0.366214421,-1.689742478,FALSE,"null","null",286,"null",208,41,286,2,0.359691043,-1.689562212,0.117164345563139
0.395097023,-1.664158417,0.387506150061564,-1.48215746847404,-0.0103833566565337,-1.91412820461401,-0.199676533756405,-1.62090723463883,0.688,-1.85,0.884182971,-1.613502305,0.610304475,-1.491066323,0.641211053,-1.789470049,0.367332557,-1.667034067,FALSE,"null","null",284,"null",204,43,284,2,0.395097023,-1.664158417,-0.013667519415529
0.119369686,-1.67565172,0.22159611221148,-1.45707995743318,-0.374327541779928,-1.75635849776165,-0.230008599675762,-1.66117850788109,0.38,-1.85,0.607339588,-1.71221107,0.359464877,-1.543219568,0.337051299,-1.842381115,0.089176588,-1.673389614,TRUE,"f2","1stO",66,"null",226,47,306,2,0.119369686,-1.67565172,0.164319126602925
0.186695427,-1.821673601,0.0933284054277129,-1.56936054027505,-0.276763764373339,-1.8928782908185,-0.210726375717464,-1.72001983962901,0.492,-1.85,0.684377362,-1.9033933,0.452307548,-1.713278595,0.403698291,-2.009314303,0.171628476,-1.819199598,FALSE,"null","null",298,"null",219,48,298,2,0.186695427,-1.821673601,0.252285875637908
-0.071214948,-1.814732968,-0.135862736964771,-1.6750464717908,-0.466131437336485,-1.91676042241123,-0.588828308823942,-1.79508894500223,0.198,-1.85,0.43224668,-1.789791906,0.165335503,-1.652830512,0.180179046000001,-1.952463069,-0.086732132,-1.815501676,FALSE,"null","null",319,"null",239,49,319,2,-0.071214948,-1.814732968,0.0400388313711188
0.302960096,-2.029950992,0.319373225248747,-1.8175475417065,-0.160763964157183,-1.99661884723596,-0.248155238488394,-1.96480663757939,0.59,-1.85,0.852820349,-2.105566693,0.615870444,-1.92157011,0.574999682,-2.218773039,0.338049777,-2.034776456,TRUE,"f2","1stO",61,"null",211,50,291,2,0.302960096,-2.029950992,0.226198379454406
0.211260098,-1.597889945,0.0963509235840102,-1.33747695379057,-0.331224943208997,-1.45045259657041,-0.342189410007208,-1.43266025739847,0.45,-1.85,0.738369661,-1.775180822,0.539937336,-1.550181684,0.444298529,-1.834528688,0.245866204,-1.60952955,TRUE,"f3","2ndO",219,"null",223,52,301,2,0.211260098,-1.597889945,0.413996478297124
0.228442965,-1.588702799,0.0115549743546953,-1.33322817859515,-0.248710968023743,-1.66777594041116,-0.175641580398417,-1.74034855650458,0.464,-1.85,0.671461968,-1.568819254,0.40519011,-1.430619045,0.418641146,-1.730317342,0.152369289,-1.592117132,FALSE,"null","null",300,"null",221,55,300,2,0.228442965,-1.588702799,0.0446856942308714
-0.193860445,-1.610437896,-0.16297592570019,-1.46521030665386,-0.719607284004236,-1.76274396295941,-0.782298067667402,-1.56530627714506,0.0580000000000004,-1.85,0.0136175670000002,-1.591028251,-0.259032138,-1.465879786,-0.231089035,-1.76457559,-0.50373874,-1.639427125,FALSE,"null","null",329,"null",249,56,329,2,-0.193860445,-1.610437896,-0.00374137019290718
0.430924612,-2.10565635,0.128980872668945,-1.85745572726315,-0.178964279550812,-2.24430089882744,-0.02459917517822,-1.91703838363134,0.646,-1.85,0.977553046999999,-2.18326252,0.741409295,-1.998232445,0.699240426,-2.29525397,0.463096674,-2.110223896,TRUE,"f3","2ndO",199,"null",207,57,287,2,0.430924612,-2.10565635,0.230567451374196
0.38722977,-1.832900918,-0.110564985948621,-1.8382031098621,-0.0216454417048831,-2.15063344129086,-0.0981666063914113,-2.13256101663306,0.66,-1.85,0.927696046,-1.600828224,0.629782673,-1.565506533,0.748149878,-1.841167928,0.450236504,-1.805846237,TRUE,"f1","1stO",56,"null",206,60,286,2,0.38722977,-1.832900918,-0.316048551996106
0.104379873,-1.730158487,-0.209762721344628,-1.51721420192162,-0.340907745500299,-1.90436067268415,-0.302797508386134,-1.71361773596086,0.366,-1.85,0.677945114,-1.686042517,0.407399281,-1.5564086,0.430405932,-1.855525123,0.159860099,-1.725891206,TRUE,"f2","1stO",67,"null",227,61,307,2,0.104379873,-1.730158487,0.0127733099648597
0.482688949,-1.823644333,0.270582865195249,-1.67186882596317,0.0796385473315492,-1.92813914728204,0.0288744623304726,-1.97233777710931,0.772,-1.85,0.982185842,-1.772927649,0.708554768,-1.649939699,0.738859616,-1.948405135,0.465228543,-1.825417185,FALSE,"null","null",278,"null",199,62,278,2,0.482688949,-1.823644333,-0.0116512338026495
0.500943168,-1.894387226,0.443751538100243,-1.76318009647259,0.00428624740777517,-2.1637529373516,0.112495142084487,-1.94581361976525,0.8,-1.85,1.099226828,-1.619173982,0.800508138,-1.591476613,0.925880859,-1.864023272,0.627162169,-1.836325903,TRUE,"L","1stO",53,"null",196,63,276,2,0.500943168,-1.894387226,-0.341605031211385
0.302155838,-1.800564783,0.119465503835342,-1.62271630351418,-0.164341302948391,-1.72854679312696,-0.0722169352807338,-2.00665757439455,0.576,-1.85,0.853974647,-1.793334036,0.592223975,-1.646751004,0.596154681,-1.946725252,0.334404009,-1.80014222,FALSE,"null","null",292,"null",213,64,292,2,0.302155838,-1.800564783,0.0764347869665537
0.33687062,-1.791182113,0.0590527830333757,-1.60985192519178,-0.144639184367552,-1.95484538595026,-0.146228720301795,-1.78499938273788,0.632,-1.85,0.934426639,-1.688052406,0.652893235,-1.584423536,0.703914703,-1.88005305,0.4223813,-1.77642418,TRUE,"f1","1stO",60,"null",209,65,288,2,0.33687062,-1.791182113,-0.0813647684787201
0.172247262,-1.748969305,0.0952881074678126,-1.51248693483044,-0.176000929311367,-1.80806117053111,-0.311357813649847,-1.69036405593512,0.436,-1.85,0.6017605,-1.77920756,0.353128451,-1.611332296,0.332060232,-1.910591598,0.083428184,-1.742716334,FALSE,"null","null",302,"null",222,68,302,2,0.172247262,-1.748969305,0.159822769412835
0.311354009,-1.939048353,0.170558544270146,-1.77938261174912,-0.00307990536356068,-2.25633567972277,-0.0601090914413216,-2.19395790722166,0.576,-1.85,0.865495728,-1.70630851,0.567872859000001,-1.668617292,0.684042741,-1.945211866,0.386419872,-1.907520648,TRUE,"f1","1stO",56,"null",212,71,292,2,0.311354009,-1.939048353,-0.308090966388549
0.391007558,-1.733203397,0.224130447645928,-1.50746839378541,-0.0410156665969658,-1.87126978513839,-0.198031965993714,-1.77344039444728,0.66,-1.85,0.857133415,-1.649012649,0.574801369,-1.547579835,0.628123998,-1.842802966,0.345791952,-1.741370152,TRUE,"f2","2ndO",204,"null",206,72,286,2,0.391007558,-1.733203397,-0.0891540193721678
0.209664629,-1.999912247,0.181088190310346,-1.81852485363796,-0.267119729234005,-2.19087405958424,-0.315311836455665,-2.0926845487668,0.464,-1.85,0.708367039,-1.957462432,0.436773478,-1.830038189,0.462217627,-2.128957233,0.190624066,-2.00153299,TRUE,"f3","1stO",66,"null",220,73,300,2,0.209664629,-1.999912247,0.00462167577118523
0.232275727,-1.680055539,0.110356808250599,-1.53766912980131,-0.233380917776939,-1.96457350640939,-0.183740476238841,-1.81489655962495,0.491999999999999,-1.85,0.757888610000001,-1.55585987,0.470550244,-1.46962378,0.539536782,-1.76158415,0.252198416,-1.67534806,FALSE,"null","null",298,"null",218,74,298,2,0.232275727,-1.680055539,-0.142494058080958
0.242661043,-1.800993118,-0.13513327820864,-1.58645413533087,-0.267270887562874,-1.96337035589517,-0.224437621963963,-1.8768540548863,0.534,-1.85,0.776695223,-1.746201043,0.502934697,-1.623501514,0.533554051,-1.921934848,0.259793525,-1.79923532,TRUE,"f2","1stO",65,"null",216,76,295,2,0.242661043,-1.800993118,-0.0127050357027135
0.292509879,-1.809646041,0.230462599311549,-1.65472720344584,-0.157837617779095,-1.93991447036816,-0.128871867621543,-1.7008160830041,0.59,-1.85,0.837629266,-1.855369413,0.591268416,-1.684178491,0.566193154,-1.983128706,0.319832304,-1.811937784,TRUE,"f2","1stO",58,"null",213,77,291,2,0.292509879,-1.809646041,0.173219358590673
0.453047541,-1.686082977,0.310838940814654,-1.5018427014507,0.0375066750455242,-1.89812528785145,0.042293963801857,-1.65505054246256,0.716,-1.85,0.986759944,-1.66063127,0.720102152,-1.523177197,0.734392329,-1.822836656,0.467734537,-1.685382583,FALSE,"null","null",282,"null",202,79,282,2,0.453047541,-1.686082977,0.0418855622015053
-0.185582385,-1.800963649,-0.51460351876045,-1.69605041613713,-0.693290240561525,-2.07246116444876,-0.566784277188448,-2.03441078413987,0.0719999999999998,-1.85,0.373862544,-1.646502339,0.0835040579999996,-1.571057329,0.163346005,-1.860237659,-0.127012481,-1.784792649,FALSE,"null","null",328,"null",248,80,328,2,-0.185582385,-1.800963649,-0.179848683505683
0.253670253,-1.594925295,0.277518301955457,-1.43155075104672,-0.214787406215409,-1.61263923746259,-0.117924161515018,-1.59580247894085,0.492,-1.85,0.803566479,-1.577598231,0.539163628,-1.435855039,0.548611849,-1.73570622,0.284208998,-1.593963029,TRUE,"f2","1stO",66,"null",219,81,298,2,0.253670253,-1.594925295,0.0580382416425873
0.392045625,-1.59514421,0.377907737783033,-1.4065692741211,-0.107834078264895,-1.82378639838834,-0.0751306222845431,-1.60690125711684,0.646,-1.85,0.914695326,-1.524576456,0.637153219,-1.410688885,0.677294742,-1.707991186,0.399752635,-1.594103615,TRUE,"L","f3",11,"null",208,84,287,2,0.392045625,-1.59514421,-0.0446700845045735
0.358895706,-1.751962836,0.198179485738672,-1.64645841674262,-0.168700916006221,-1.75799898028412,-0.0485499027231905,-1.73461622096349,0.618,-1.85,0.799002613,-1.722651888,0.529801412,-1.590248288,0.549737131,-1.889585167,0.28053593,-1.757181566,TRUE,"f1","1stO",55,"null",209,85,289,2,0.358895706,-1.751962836,0.0230361148782924
0.125836824,-1.756177677,0.0528522503864532,-1.59653048099447,-0.27866993543189,-2.02082626150515,-0.315010276959964,-1.88921715678631,0.38,-1.85,0.612445761,-1.551606774,0.314810080000001,-1.514016857,0.431074098,-1.790571876,0.133438418,-1.752981959,FALSE,"null","null",306,"null",226,86,306,2,0.125836824,-1.756177677,-0.308431329254271
0.186401854,-1.601103203,-0.016863467911939,-1.37557022884237,-0.320090304514876,-1.56520080795963,-0.282253470201815,-1.54295966776073,0.422,-1.85,0.661068562,-1.597542891,0.400143182,-1.449495783,0.402393315,-1.749487344,0.141467936,-1.601440236,FALSE,"null","null",303,"null",223,88,303,2,0.186401854,-1.601103203,0.0820370015837526
0.365226811,-1.783635883,0.0713491319435453,-1.54114546639393,-0.11598142795089,-1.8663868391921,-0.141809208642908,-1.72336208805354,0.646,-1.85,0.87328861,-1.826873086,0.627136085,-1.655382752,0.601697362,-1.954302259,0.355544837,-1.782811925,TRUE,"L","2ndO",191,"null",207,89,287,2,0.365226811,-1.783635883,0.174435209263584
0.076923235,-1.796960482,-0.18286626529241,-1.60865969564448,-0.368607188448332,-1.9437103209745,-0.452925432119183,-1.74794290270711,0.352000000000001,-1.85,0.513257916,-1.741048634,0.236492291,-1.62528686,0.274622466,-1.92285381,-0.00214316000000001,-1.807092035,TRUE,"f1","1stO",59,"null",228,90,308,2,0.076923235,-1.796960482,-0.0379077891531824
0.272107399,-1.656503373,-0.0724577350359383,-1.60201817321545,-0.127714996206119,-2.00082639703612,-0.124392042576814,-1.64320084628385,0.562,-1.85,0.852207648,-1.495989441,0.56180695,-1.420707075,0.641810857,-1.709842639,0.351410159,-1.634560273,FALSE,"null","null",293,"null",213,92,293,2,0.272107399,-1.656503373,-0.18040879105931
-0.146116992,-1.796645566,-0.149195925511301,-1.57999820006624,-0.599342466374561,-2.01413200702452,-0.458742129515481,-1.79501021954498,0.114,-1.85,0.241684334,-1.761829709,-0.030495238,-1.635662039,-0.003669859,-1.934460297,-0.27584943,-1.808292628,TRUE,"f1","1stO",70,"null",245,1,325,2,-0.146116992,-1.796645566,0
0.247392074,-1.644632955,0.148534510307372,-1.44666247603624,-0.255374328151406,-1.78997022181691,-0.0850056496721867,-1.59234843824386,0.534,-1.85,0.777158374,-1.666626878,0.523796447,-1.50597902,0.511352285,-1.805720814,0.257990358,-1.645072956,FALSE,"null","null",295,"null",217,2,295,2,0.247392074,-1.644632955,0.131029963967594
0.485324854,-2.018696685,0.374726082883749,-1.81087916911651,-0.0341237081378652,-2.08269289327315,0.146062280011545,-1.89884258461937,0.786,-1.85,1.022553535,-2.131096389,0.798970224,-1.931070133,0.737534061,-2.224712089,0.513950749,-2.024685833,FALSE,"null","null",277,"null",198,3,277,2,0.485324854,-2.018696685,0.295783822705319
-0.154646278,-1.87904417,-0.148187316583837,-1.64491362889859,-0.605738395378328,-1.99716351502749,-0.45700320429795,-2.12719454154463,0.142,-1.85,0.351555658,-1.609520978,0.0517324809999996,-1.599222316,0.192725167,-1.864026135,-0.10709801,-1.853727473,TRUE,"L","1stO",63,"null",243,4,323,2,-0.154646278,-1.87904417,-0.399725639227695
0.069995474,-1.650734837,-0.11111698974068,-1.47541291839018,-0.422308416597157,-1.59788301278318,-0.439069089069103,-1.75889443845285,0.338,-1.85,0.576529143000001,-1.690447428,0.329240463,-1.52059953,0.305792208,-1.819681758,0.058503528,-1.64983386,FALSE,"null","null",309,"null",231,5,309,2,0.069995474,-1.650734837,0.167778166679838
0.305759365,-1.805390117,0.187471365138834,-1.62791502676261,-0.203323773205767,-2.03344714976956,-0.0883711330773728,-1.78987652134337,0.576,-1.85,0.808419373,-1.660452299,0.517223968,-1.58830498,0.600340259,-1.876561258,0.309144854,-1.804413939,FALSE,"null","null",292,"null",212,7,292,2,0.305759365,-1.805390117,-0.191189528142251
0.451011728,-1.652980482,0.336045168789642,-1.48161147471058,0.0494686450623352,-1.84811060741642,-0.10725308324875,-1.71932688975624,0.758,-1.85,0.926103126,-1.560608755,0.642442935,-1.462951722,0.699699559,-1.757437169,0.416039368,-1.659780136,FALSE,"null","null",279,"null",200,8,279,2,0.451011728,-1.652980482,-0.102495986111204
0.28706687,-1.759781354,0.195748679334558,-1.56285559107388,-0.108996443582123,-1.94090527787529,-0.215164545363142,-1.73609747687397,0.548,-1.85,0.805767057,-1.692548262,0.528833357,-1.577189146,0.567396282,-1.874700324,0.290462582,-1.759341208,FALSE,"null","null",294,"null",215,9,294,2,0.28706687,-1.759781354,-0.0393622170241992
0.309443587,-1.958659723,0.12458181978384,-1.77406003860783,-0.0765242033106198,-2.06290893317728,-0.228709716312879,-1.8453648283815,0.576,-1.85,0.813075489,-2.062049121,0.588739331,-1.862867575,0.528411131,-2.15673916,0.304074974,-1.957557613,TRUE,"f2","2ndO",210,"null",213,10,292,2,0.309443587,-1.958659723,0.292012125719025
0.018774006,-1.656306978,-0.1233577420019,-1.48391433229212,-0.461104793912645,-1.88723238956613,-0.490851658429798,-1.64059488481816,0.296,-1.85,0.509215042,-1.60622845,0.235514186,-1.483395874,0.265988483,-1.781844056,-0.00771237300000001,-1.65901148,FALSE,"null","null",312,"null",232,14,312,2,0.018774006,-1.656306978,-0.0122189847821049
0.409290534,-1.632877867,0.646903614361598,-1.43467444907511,0.0193139737812723,-1.83626276585147,0.0968159150022067,-1.59311404300512,0.688,-1.85,1.085271598,-1.546672971,0.808575982,-1.430743958,0.84652632,-1.728333897,0.569830704,-1.612404884,TRUE,"f1","1stO",63,"null",206,16,284,2,0.409290534,-1.632877867,-0.0373034513225677
0.428896314,-1.836749555,0.27443437860263,-1.68507832656212,0.00749139541544314,-2.04050089929783,-0.0903047023353062,-1.85199212342285,0.702,-1.85,0.860659757,-1.783185495,0.584361392,-1.666312856,0.621295899,-1.964030578,0.344997535,-1.847157938,TRUE,"f2","1stO",59,"null",203,17,283,2,0.428896314,-1.836749555,-0.0338906621377664
0.536833553,-1.892929285,0.755662796137134,-1.67953879006662,0.122115211033369,-2.00677538001174,0.334168479278627,-1.84285900715685,0.814,-1.85,1.206421765,-1.914214682,0.951511226,-1.756035615,0.941979405,-2.055884151,0.687068866,-1.897705084,TRUE,"f1","1stO",58,"null",196,19,275,2,0.536833553,-1.892929285,0.121315603182368
0.464910878,-1.994260567,0.337272937905293,-1.82278997271924,0.0204147752376438,-1.93807420582978,0.0090445802141747,-2.12243630737661,0.758,-1.85,0.994525699,-1.928972912,0.718317776,-1.811886689,0.755022094,-2.109632878,0.478814172,-1.992546655,TRUE,"f3","2ndO",193,"null",200,20,279,2,0.464910878,-1.994260567,-0.0331175180243165
0.287775945,-1.660559988,0.272914762353092,-1.44511399863709,-0.0427758790252733,-1.90716747183471,-0.100967784333499,-1.67442168037432,0.575999999999999,-1.85,0.8776041,-1.565497006,0.597238918,-1.458747934,0.644974101000001,-1.75492584,0.364608918,-1.648176768,FALSE,"null","null",292,"null",212,21,292,2,0.287775945,-1.660559988,-0.0702589566249922
0.126009603,-1.758212568,0.0157283619368975,-1.56191001736644,-0.429802921763071,-1.92499148249914,-0.221364877539039,-1.79723648240654,0.422,-1.85,0.659084233,-1.659088513,0.376232903,-1.559112888,0.431077138,-1.854057137,0.148225808,-1.754081513,FALSE,"null","null",303,"null",223,22,303,2,0.126009603,-1.758212568,-0.0943105286392952
0.048305504,-1.701024059,-0.160979874824412,-1.56613337468207,-0.416069054420038,-1.93530096957756,-0.544211119889174,-1.7253555366786,0.352,-1.85,0.454749096,-1.648395675,0.177830524,-1.533000248,0.216354439,-1.83051648,-0.0605641329999998,-1.715121053,TRUE,"L","1stO",56,"null",228,23,308,2,0.048305504,-1.701024059,-0.0392310979033129
0.230961672,-1.687787799,-0.03956527235459,-1.53166452704165,-0.263871776507391,-1.65204411038938,-0.311877281659264,-1.8158780469749,0.506,-1.85,0.686381923,-1.627461985,0.409126824,-1.512877473,0.448521275,-1.810279687,0.171266177,-1.695695175,FALSE,"null","null",297,"null",217,24,297,2,0.230961672,-1.687787799,-0.042157667087012
0.059578536,-1.625462381,-0.0212651511200873,-1.43093761705424,-0.440967653176969,-1.82833801727824,-0.283451434281577,-1.60302482103508,0.338,-1.85,0.590726793,-1.531483946,0.308758609,-1.429043995,0.361027101,-1.724455581,0.079058918,-1.62201563,TRUE,"f3","1stO",60,"null",229,25,309,2,0.059578536,-1.625462381,-0.0855845169742793
0.182563857,-2.00905024,0.106941707087893,-1.80908691112737,-0.379823886613794,-2.03159561385538,-0.181606462700253,-1.87227786480847,0.478,-1.85,0.671477984,-2.129325915,0.455024762,-1.921604941,0.383359733,-2.212919416,0.166906512,-2.005198443,FALSE,"null","null",299,"null",221,26,299,2,0.182563857,-2.00905024,0.330753345772517
0.451685165,-1.942693245,0.348240293062332,-1.75165439766879,-0.0572771932419334,-2.08682216642544,0.0349525165891206,-1.86724903847246,0.716000000000001,-1.85,0.956138862,-1.977625725,0.707314343,-1.810035872,0.686589533,-2.109319153,0.437765014,-1.9417293,FALSE,"null","null",282,"null",202,27,282,2,0.451685165,-1.942693245,0.158675285852858
0.533141115,-1.586170145,0.374828717767018,-1.42271350126059,0.079452222549242,-1.79357582761114,0.0563538367344815,-1.56683525120253,0.772,-1.85,1.032662491,-1.544472543,0.76127748,-1.416604737,0.786233217,-1.715564954,0.514848206,-1.587697148,TRUE,"L","1stO",54,"null",199,28,278,2,0.533141115,-1.586170145,0.0062554880649003
0.422393281,-1.588816481,0.210505940873989,-1.44151034652824,-0.0262023257754251,-1.78577837247387,0.0110242446053457,-1.5549989170987,0.646,-1.85,0.940033617,-1.572911535,0.675741843,-1.430961339,0.684955254,-1.730819827,0.42066348,-1.588869631,TRUE,"f1","1stO",62,"null",208,31,287,2,0.422393281,-1.588816481,0.0588213184049751
0.316717319,-1.639599722,0.0785685725948126,-1.48583267957673,-0.275475057739053,-1.79105882269534,-0.136640077821495,-1.58401907347334,0.59,-1.85,0.765336847,-1.646865357,0.507992305,-1.492677852,0.50313428,-1.792638516,0.245789738,-1.638451012,TRUE,"f3","2ndO",213,"null",212,32,291,2,0.316717319,-1.639599722,0.105731640656082
0.054566056,-1.635821026,-0.253353088124006,-1.49256124738812,-0.384908253558449,-1.82127500914167,-0.55744802005901,-1.65112530796728,0.338,-1.85,0.472714143,-1.607367265,0.203322435,-1.475351708,0.223689463,-1.774659549,-0.0457022459999998,-1.642643992,FALSE,"null","null",309,"null",230,33,309,2,0.054566056,-1.635821026,0.0215951641372714
-0.06566284,-1.79916836,-0.0953653780239636,-1.58436822509129,-0.521102831189042,-2.03106775006253,-0.443511303754546,-1.79180580074542,0.198,-1.85,0.504447433,-1.71148389,0.224856978,-1.602721868,0.270461531,-1.899235316,-0.00912892399999997,-1.790473294,FALSE,"null","null",319,"null",239,34,319,2,-0.06566284,-1.79916836,-0.0630693112278859
0.071986984,-1.78370098,-0.105695613788325,-1.59992163314647,-0.404397409972789,-1.74586276001972,-0.313761632072228,-1.91039529144439,0.366,-1.85,0.60539205,-1.859231559,0.369180904,-1.674287529,0.327120249,-1.971324397,0.090909102,-1.786380367,FALSE,"null","null",307,"null",228,35,307,2,0.071986984,-1.78370098,0.230203130891679
-0.175446277,-1.754650654,-0.259623098797329,-1.55339402087422,-0.705559193706146,-1.95608165203867,-0.514619966080999,-1.75153807270224,0.114,-1.85,0.363400573,-1.651539061,0.0800309949999998,-1.553041943,0.136414778,-1.847695755,-0.146954801,-1.749198638,TRUE,"L","2ndO",228,"null",245,36,325,2,-0.175446277,-1.754650654,-0.0995328839740669
0.150199953,-1.615827847,0.119441508935425,-1.39551652209733,-0.314729348564774,-1.86459675203029,-0.248485955950659,-1.64080193387125,0.422,-1.85,0.661245424,-1.488772282,0.372922193000001,-1.405888541,0.445304383,-1.697025654,0.156981152,-1.614141912,TRUE,"L","2ndO",207,"null",223,38,303,2,0.150199953,-1.615827847,-0.154140868875971
0.378794683,-1.843490068,0.535553493309311,-1.63535621189125,-0.113279288194348,-1.97153522207247,0.0864413804872236,-1.79543248669165,0.631999999999999,-1.85,1.006244205,-1.820725781,0.741168884,-1.680244201,0.752045928,-1.980046953,0.486970607,-1.839565373,FALSE,"null","null",288,"null",208,39,288,2,0.378794683,-1.843490068,0.0532727568699818
0.419231338,-1.735604944,0.267998317819303,-1.53988881091268,-0.0986681175708287,-1.86473965612199,0.0605007576007412,-1.67105572024761,0.674,-1.85,0.947090096,-1.7736023,0.698722717,-1.605335712,0.677183266,-1.904561466,0.428815887,-1.736294877,FALSE,"null","null",285,"null",206,40,285,2,0.419231338,-1.735604944,0.161397515284698
0.359691043,-1.689562212,0.204297502622933,-1.51001503602856,-0.0692966911606434,-1.85112396522862,-0.146019409779327,-1.65899652569071,0.66,-1.85,0.88563138,-1.704095973,0.630066397,-1.546976465,0.621779403,-1.846861986,0.366214421,-1.689742478,FALSE,"null","null",286,"null",208,41,286,2,0.359691043,-1.689562212,0.117164345563139
0.395097023,-1.664158417,0.151457058842554,-1.53659209834888,-0.130373050721037,-1.88284744058808,-0.0943965941676953,-1.67018403842396,0.688,-1.85,0.884182971,-1.613502305,0.610304475,-1.491066323,0.641211053,-1.789470049,0.367332557,-1.667034067,FALSE,"null","null",284,"null",204,43,284,2,0.395097023,-1.664158417,-0.013667519415529
0.119369686,-1.67565172,-0.0301259354465927,-1.50893903950646,-0.248386861839842,-1.82309786840954,-0.429959038327399,-1.64201453963686,0.38,-1.85,0.607339588,-1.71221107,0.359464877,-1.543219568,0.337051299,-1.842381115,0.089176588,-1.673389614,TRUE,"f2","1stO",66,"null",226,47,306,2,0.119369686,-1.67565172,0.164319126602925
0.186695427,-1.821673601,0.0149010286694241,-1.62288205894264,-0.349504863226828,-1.9165119590983,-0.161706677906533,-1.71981386797618,0.492,-1.85,0.684377362,-1.9033933,0.452307548,-1.713278595,0.403698291,-2.009314303,0.171628476,-1.819199598,FALSE,"null","null",298,"null",219,48,298,2,0.186695427,-1.821673601,0.252285875637908
-0.071214948,-1.814732968,-0.188868930012226,-1.61455422967444,-0.538242410948448,-1.99092935310293,-0.515686518312521,-1.76730449681897,0.198,-1.85,0.43224668,-1.789791906,0.165335503,-1.652830512,0.180179046000001,-1.952463069,-0.086732132,-1.815501676,FALSE,"null","null",319,"null",239,49,319,2,-0.071214948,-1.814732968,0.0400388313711188
0.302960096,-2.029950992,0.23881821825628,-1.82754858840857,-0.209447643195126,-1.95951353948226,-0.131304120112452,-2.1602293670011,0.59,-1.85,0.852820349,-2.105566693,0.615870444,-1.92157011,0.574999682,-2.218773039,0.338049777,-2.034776456,TRUE,"f2","1stO",61,"null",211,50,291,2,0.302960096,-2.029950992,0.226198379454406
0.211260098,-1.597889945,0.0905203569319873,-1.40541955637805,-0.187086219513404,-1.51570224459976,-0.189609500852817,-1.70704000148742,0.45,-1.85,0.738369661,-1.775180822,0.539937336,-1.550181684,0.444298529,-1.834528688,0.245866204,-1.60952955,TRUE,"f3","2ndO",219,"null",223,52,301,2,0.211260098,-1.597889945,0.413996478297124
0.228442965,-1.588702799,-0.0453967924728808,-1.45509995834262,-0.31025343907616,-1.62295354825978,-0.222101462899692,-1.78454621258428,0.464,-1.85,0.671461968,-1.568819254,0.40519011,-1.430619045,0.418641146,-1.730317342,0.152369289,-1.592117132,FALSE,"null","null",300,"null",221,55,300,2,0.228442965,-1.588702799,0.0446856942308714
-0.193860445,-1.610437896,-0.482664317417094,-1.50607888779633,-0.511761191771266,-1.81625741644549,-0.660422333869921,-1.65774361922593,0.0580000000000004,-1.85,0.0136175670000002,-1.591028251,-0.259032138,-1.465879786,-0.231089035,-1.76457559,-0.50373874,-1.639427125,FALSE,"null","null",329,"null",249,56,329,2,-0.193860445,-1.610437896,-0.00374137019290718
0.430924612,-2.10565635,0.378830016704554,-1.89879689749772,-0.0991323670452376,-2.18063425884755,0.110479238542541,-1.99781332878628,0.646,-1.85,0.977553046999999,-2.18326252,0.741409295,-1.998232445,0.699240426,-2.29525397,0.463096674,-2.110223896,TRUE,"f3","2ndO",199,"null",207,57,287,2,0.430924612,-2.10565635,0.230567451374196
0.38722977,-1.832900918,0.36231649658065,-1.60815579220249,-0.127673913294748,-2.04807675909406,0.0661413366267721,-2.01036635952148,0.66,-1.85,0.927696046,-1.600828224,0.629782673,-1.565506533,0.748149878,-1.841167928,0.450236504,-1.805846237,TRUE,"f1","1stO",56,"null",206,60,286,2,0.38722977,-1.832900918,-0.316048551996106
0.104379873,-1.730158487,0.0706794068719365,-1.52328643452429,-0.26292826061672,-1.92793229816461,-0.362977069399587,-1.72551009608354,0.366,-1.85,0.677945114,-1.686042517,0.407399281,-1.5564086,0.430405932,-1.855525123,0.159860099,-1.725891206,TRUE,"f2","1stO",67,"null",227,61,307,2,0.104379873,-1.730158487,0.0127733099648597
0.482688949,-1.823644333,0.352038807180966,-1.64210490219357,-0.0940784977492984,-2.01724409341317,0.0313989762284703,-1.79822284490761,0.772,-1.85,0.982185842,-1.772927649,0.708554768,-1.649939699,0.738859616,-1.948405135,0.465228543,-1.825417185,FALSE,"null","null",278,"null",199,62,278,2,0.482688949,-1.823644333,-0.0116512338026495
0.500943168,-1.894387226,0.691331251076169,-1.63607113601365,0.158452664998311,-2.11291162027769,0.0987251121478331,-1.91929376724131,0.8,-1.85,1.099226828,-1.619173982,0.800508138,-1.591476613,0.925880859,-1.864023272,0.627162169,-1.836325903,TRUE,"L","1stO",53,"null",196,63,276,2,0.500943168,-1.894387226,-0.341605031211385
0.302155838,-1.800564783,0.137640053884468,-1.61505187268242,-0.227967105814137,-1.92708940752664,-0.0499707962851647,-1.74078792857096,0.576,-1.85,0.853974647,-1.793334036,0.592223975,-1.646751004,0.596154681,-1.946725252,0.334404009,-1.80014222,FALSE,"null","null",292,"null",213,64,292,2,0.302155838,-1.800564783,0.0764347869665537
0.33687062,-1.791182113,0.340730330912885,-1.56981143421192,-0.112140833571324,-1.8275277821005,-0.0301029425603597,-1.98446028954347,0.632,-1.85,0.934426639,-1.688052406,0.652893235,-1.584423536,0.703914703,-1.88005305,0.4223813,-1.77642418,TRUE,"f1","1stO",60,"null",209,65,288,2,0.33687062,-1.791182113,-0.0813647684787201
0.172247262,-1.748969305,-0.00629294506082687,-1.59280866994096,-0.33041581269305,-1.70183742427014,-0.333131796291885,-1.87784189582373,0.436,-1.85,0.6017605,-1.77920756,0.353128451,-1.611332296,0.332060232,-1.910591598,0.083428184,-1.742716334,FALSE,"null","null",302,"null",222,68,302,2,0.172247262,-1.748969305,0.159822769412835
0.311354009,-1.939048353,0.306088971087541,-1.71206686991738,-0.108769840444709,-2.19127452615838,-0.100760106153878,-1.96443530163595,0.576,-1.85,0.865495728,-1.70630851,0.567872859000001,-1.668617292,0.684042741,-1.945211866,0.386419872,-1.907520648,TRUE,"f1","1stO",56,"null",212,71,292,2,0.311354009,-1.939048353,-0.308090966388549
0.391007558,-1.733203397,0.223447420089604,-1.58989452018241,-0.0670255638147538,-1.93941101160804,-0.200165055318131,-1.77309092037971,0.66,-1.85,0.857133415,-1.649012649,0.574801369,-1.547579835,0.628123998,-1.842802966,0.345791952,-1.741370152,TRUE,"f2","2ndO",204,"null",206,72,286,2,0.391007558,-1.733203397,-0.0891540193721678
0.209664629,-1.999912247,0.162829457077839,-1.79129444458562,-0.322559513313707,-1.99035786373488,-0.209486480226723,-2.12695217920354,0.464,-1.85,0.708367039,-1.957462432,0.436773478,-1.830038189,0.462217627,-2.128957233,0.190624066,-2.00153299,TRUE,"f3","1stO",66,"null",220,73,300,2,0.209664629,-1.999912247,0.00462167577118523
0.232275727,-1.680055539,0.188860025179044,-1.46397762171942,-0.255380206142359,-1.95249719604473,-0.241589728492451,-1.72362200450449,0.491999999999999,-1.85,0.757888610000001,-1.55585987,0.470550244,-1.46962378,0.539536782,-1.76158415,0.252198416,-1.67534806,FALSE,"null","null",298,"null",218,74,298,2,0.232275727,-1.680055539,-0.142494058080958
0.242661043,-1.800993118,0.132591282683798,-1.60643541908058,-0.270176856108511,-1.91072720612154,-0.0858589963654544,-1.74797911676519,0.534,-1.85,0.776695223,-1.746201043,0.502934697,-1.623501514,0.533554051,-1.921934848,0.259793525,-1.79923532,TRUE,"f2","1stO",65,"null",216,76,295,2,0.242661043,-1.800993118,-0.0127050357027135
0.292509879,-1.809646041,0.214591979202047,-1.59870125742844,-0.158147580847511,-1.9637749155518,-0.122059822226024,-1.74077035419535,0.59,-1.85,0.837629266,-1.855369413,0.591268416,-1.684178491,0.566193154,-1.983128706,0.319832304,-1.811937784,TRUE,"f2","1stO",58,"null",213,77,291,2,0.292509879,-1.809646041,0.173219358590673
0.453047541,-1.686082977,0.317880224549335,-1.50735405226675,-0.0885964890881693,-1.71848773531877,0.0233853758299418,-1.87045724977543,0.716,-1.85,0.986759944,-1.66063127,0.720102152,-1.523177197,0.734392329,-1.822836656,0.467734537,-1.685382583,FALSE,"null","null",282,"null",202,79,282,2,0.453047541,-1.686082977,0.0418855622015053
-0.185582385,-1.800963649,-0.262064285700574,-1.60793845602813,-0.721378408811126,-1.91013332694469,-0.511327582870197,-1.83247450409189,0.0719999999999998,-1.85,0.373862544,-1.646502339,0.0835040579999996,-1.571057329,0.163346005,-1.860237659,-0.127012481,-1.784792649,FALSE,"null","null",328,"null",248,80,328,2,-0.185582385,-1.800963649,-0.179848683505683
0.253670253,-1.594925295,0.144607137440888,-1.40332175837685,-0.155282770261469,-1.57023809919226,-0.144080212677463,-1.76207071442356,0.492,-1.85,0.803566479,-1.577598231,0.539163628,-1.435855039,0.548611849,-1.73570622,0.284208998,-1.593963029,TRUE,"f2","1stO",66,"null",219,81,298,2,0.253670253,-1.594925295,0.0580382416425873
0.392045625,-1.59514421,0.250895269728916,-1.45503465166555,-0.027826503579594,-1.82379822069382,-0.129271112538385,-1.61519698863842,0.646,-1.85,0.914695326,-1.524576456,0.637153219,-1.410688885,0.677294742,-1.707991186,0.399752635,-1.594103615,TRUE,"L","f3",11,"null",208,84,287,2,0.392045625,-1.59514421,-0.0446700845045735
0.358895706,-1.751962836,0.111785493523913,-1.61814401076698,-0.140602137814318,-1.93397049057717,-0.30103154919126,-1.7819961126623,0.618,-1.85,0.799002613,-1.722651888,0.529801412,-1.590248288,0.549737131,-1.889585167,0.28053593,-1.757181566,TRUE,"f1","1stO",55,"null",209,85,289,2,0.358895706,-1.751962836,0.0230361148782924
0.125836824,-1.756177677,-0.0144676667466161,-1.58805657008838,-0.389757763067543,-1.96836585119743,-0.213623445139794,-1.79527976861942,0.38,-1.85,0.612445761,-1.551606774,0.314810080000001,-1.514016857,0.431074098,-1.790571876,0.133438418,-1.752981959,FALSE,"null","null",306,"null",226,86,306,2,0.125836824,-1.756177677,-0.308431329254271
0.186401854,-1.601103203,-0.077851104980216,-1.44925618998064,-0.369027874836973,-1.77247248617174,-0.230366762512505,-1.5650433523509,0.422,-1.85,0.661068562,-1.597542891,0.400143182,-1.449495783,0.402393315,-1.749487344,0.141467936,-1.601440236,FALSE,"null","null",303,"null",223,88,303,2,0.186401854,-1.601103203,0.0820370015837526
0.365226811,-1.783635883,0.173870061220311,-1.60334496145076,-0.20377013484793,-1.90135177501317,-0.0358274116220215,-1.69585319217145,0.646,-1.85,0.87328861,-1.826873086,0.627136085,-1.655382752,0.601697362,-1.954302259,0.355544837,-1.782811925,TRUE,"L","2ndO",191,"null",207,89,287,2,0.365226811,-1.783635883,0.174435209263584
0.076923235,-1.796960482,-0.00860538619564356,-1.60304471599219,-0.410422369154325,-1.86466704069041,-0.298794700092147,-1.98861561728366,0.352000000000001,-1.85,0.513257916,-1.741048634,0.236492291,-1.62528686,0.274622466,-1.92285381,-0.00214316000000001,-1.807092035,TRUE,"f1","1stO",59,"null",228,90,308,2,0.076923235,-1.796960482,-0.0379077891531824
0.272107399,-1.656503373,0.317229947278383,-1.42848038235198,-0.082018628381221,-1.94511813213021,-0.0866709418681338,-1.70731749037363,0.562,-1.85,0.852207648,-1.495989441,0.56180695,-1.420707075,0.641810857,-1.709842639,0.351410159,-1.634560273,FALSE,"null","null",293,"null",213,92,293,2,0.272107399,-1.656503373,-0.18040879105931
-0.146116992,-1.796645566,-0.129291142482245,-1.576473434078,-0.599630158331649,-2.0089589298733,-0.448843697465272,-1.79608518633677,0.114,-1.85,0.241684334,-1.761829709,-0.030495238,-1.635662039,-0.003669859,-1.934460297,-0.27584943,-1.808292628,TRUE,"f1","1stO",70,"null",245,1,325,2,-0.146116992,-1.796645566,0
0.247392074,-1.644632955,0.12447994352565,-1.44203266731432,-0.25843253646142,-1.77864703738954,-0.101210000154577,-1.57976323492141,0.534,-1.85,0.777158374,-1.666626878,0.523796447,-1.50597902,0.511352285,-1.805720814,0.257990358,-1.645072956,FALSE,"null","null",295,"null",217,2,295,2,0.247392074,-1.644632955,0.131029963967594
0.485324854,-2.018696685,0.352355051087146,-1.80522991240896,-0.0379993624469517,-2.08807285538461,0.143662789957636,-1.89741292170697,0.786,-1.85,1.022553535,-2.131096389,0.798970224,-1.931070133,0.737534061,-2.224712089,0.513950749,-2.024685833,FALSE,"null","null",277,"null",198,3,277,2,0.485324854,-2.018696685,0.295783822705319
-0.154646278,-1.87904417,-0.118208177653258,-1.63340891039609,-0.61042232399532,-2.00284210379595,-0.460514104173569,-2.13291589997428,0.142,-1.85,0.351555658,-1.609520978,0.0517324809999996,-1.599222316,0.192725167,-1.864026135,-0.10709801,-1.853727473,TRUE,"L","1stO",63,"null",243,4,323,2,-0.154646278,-1.87904417,-0.399725639227695
0.069995474,-1.650734837,-0.0995848913878373,-1.47641604401319,-0.417466074855749,-1.57240741292386,-0.428839854825581,-1.76246464032131,0.338,-1.85,0.576529143000001,-1.690447428,0.329240463,-1.52059953,0.305792208,-1.819681758,0.058503528,-1.64983386,FALSE,"null","null",309,"null",231,5,309,2,0.069995474,-1.650734837,0.167778166679838
0.305759365,-1.805390117,0.189576359123264,-1.6267908202076,-0.206952277228217,-1.99949440152551,-0.0963537266971878,-1.80425187855746,0.576,-1.85,0.808419373,-1.660452299,0.517223968,-1.58830498,0.600340259,-1.876561258,0.309144854,-1.804413939,FALSE,"null","null",292,"null",212,7,292,2,0.305759365,-1.805390117,-0.191189528142251
0.451011728,-1.652980482,0.309638973640215,-1.4807777393281,0.0472049986133938,-1.84726002566576,-0.103476163015296,-1.70720797649708,0.758,-1.85,0.926103126,-1.560608755,0.642442935,-1.462951722,0.699699559,-1.757437169,0.416039368,-1.659780136,FALSE,"null","null",279,"null",200,8,279,2,0.451011728,-1.652980482,-0.102495986111204
0.28706687,-1.759781354,0.188832593301597,-1.56166185534715,-0.106946569530313,-1.95977524446889,-0.219285937763437,-1.73305393050137,0.548,-1.85,0.805767057,-1.692548262,0.528833357,-1.577189146,0.567396282,-1.874700324,0.290462582,-1.759341208,FALSE,"null","null",294,"null",215,9,294,2,0.28706687,-1.759781354,-0.0393622170241992
0.309443587,-1.958659723,0.102001658877435,-1.76370107286224,-0.0735156888838445,-2.0572564314436,-0.243680382346385,-1.84495751972803,0.576,-1.85,0.813075489,-2.062049121,0.588739331,-1.862867575,0.528411131,-2.15673916,0.304074974,-1.957557613,TRUE,"f2","2ndO",210,"null",213,10,292,2,0.309443587,-1.958659723,0.292012125719025
0.018774006,-1.656306978,-0.0983729178517212,-1.4834478683343,-0.468100244732516,-1.88167134813154,-0.489173239847194,-1.6562445623665,0.296,-1.85,0.509215042,-1.60622845,0.235514186,-1.483395874,0.265988483,-1.781844056,-0.00771237300000001,-1.65901148,FALSE,"null","null",312,"null",232,14,312,2,0.018774006,-1.656306978,-0.0122189847821049
0.409290534,-1.632877867,0.643507276522072,-1.43704094027109,0.024574831174826,-1.82782371530246,0.107473162943766,-1.60592785261236,0.688,-1.85,1.085271598,-1.546672971,0.808575982,-1.430743958,0.84652632,-1.728333897,0.569830704,-1.612404884,TRUE,"f1","1stO",63,"null",206,16,284,2,0.409290534,-1.632877867,-0.0373034513225677
0.428896314,-1.836749555,0.28164538268664,-1.68490142099922,0.0124697580752266,-2.05131327860823,-0.0985717804634134,-1.8527125305246,0.702,-1.85,0.860659757,-1.783185495,0.584361392,-1.666312856,0.621295899,-1.964030578,0.344997535,-1.847157938,TRUE,"f2","1stO",59,"null",203,17,283,2,0.428896314,-1.836749555,-0.0338906621377664
0.536833553,-1.892929285,0.744767152469004,-1.67755684168119,0.122333598097907,-2.00390082571013,0.335562095165345,-1.84581948027779,0.814,-1.85,1.206421765,-1.914214682,0.951511226,-1.756035615,0.941979405,-2.055884151,0.687068866,-1.897705084,TRUE,"f1","1stO",58,"null",196,19,275,2,0.536833553,-1.892929285,0.121315603182368
0.464910878,-1.994260567,0.304878677766183,-1.8226886905151,0.0120542581582925,-1.94614820060164,0.0112002416941364,-2.11568531654563,0.758,-1.85,0.994525699,-1.928972912,0.718317776,-1.811886689,0.755022094,-2.109632878,0.478814172,-1.992546655,TRUE,"f3","2ndO",193,"null",200,20,279,2,0.464910878,-1.994260567,-0.0331175180243165
0.287775945,-1.660559988,0.271642770958131,-1.44594430837955,-0.0541970813279599,-1.90831445068774,-0.0985605066614219,-1.6775262999932,0.575999999999999,-1.85,0.8776041,-1.565497006,0.597238918,-1.458747934,0.644974101000001,-1.75492584,0.364608918,-1.648176768,FALSE,"null","null",292,"null",212,21,292,2,0.287775945,-1.660559988,-0.0702589566249922
0.126009603,-1.758212568,0.0076781549495698,-1.5603243262272,-0.432379775055603,-1.939658357009,-0.223920683912276,-1.77233105208035,0.422,-1.85,0.659084233,-1.659088513,0.376232903,-1.559112888,0.431077138,-1.854057137,0.148225808,-1.754081513,FALSE,"null","null",303,"null",223,22,303,2,0.126009603,-1.758212568,-0.0943105286392952
0.048305504,-1.701024059,-0.126658962828048,-1.5654684851839,-0.410709196521401,-1.93389775944517,-0.538606283583934,-1.73301308500015,0.352,-1.85,0.454749096,-1.648395675,0.177830524,-1.533000248,0.216354439,-1.83051648,-0.0605641329999998,-1.715121053,TRUE,"L","1stO",56,"null",228,23,308,2,0.048305504,-1.701024059,-0.0392310979033129
0.230961672,-1.687787799,-0.0388819362124277,-1.53043525642373,-0.246554708682136,-1.66045456967118,-0.302251166654445,-1.8202366176477,0.506,-1.85,0.686381923,-1.627461985,0.409126824,-1.512877473,0.448521275,-1.810279687,0.171266177,-1.695695175,FALSE,"null","null",297,"null",217,24,297,2,0.230961672,-1.687787799,-0.042157667087012
0.059578536,-1.625462381,-0.0471907974701179,-1.43398386744936,-0.427126457351951,-1.81585551181993,-0.28030280362615,-1.61211306772012,0.338,-1.85,0.590726793,-1.531483946,0.308758609,-1.429043995,0.361027101,-1.724455581,0.079058918,-1.62201563,TRUE,"f3","1stO",60,"null",229,25,309,2,0.059578536,-1.625462381,-0.0855845169742793
0.182563857,-2.00905024,0.117225128684612,-1.81113372023991,-0.380372941154994,-2.03580238212644,-0.168932841035925,-1.87047816186475,0.478,-1.85,0.671477984,-2.129325915,0.455024762,-1.921604941,0.383359733,-2.212919416,0.166906512,-2.005198443,FALSE,"null","null",299,"null",221,26,299,2,0.182563857,-2.00905024,0.330753345772517
0.451685165,-1.942693245,0.33889168074611,-1.75025075969889,-0.0506207115774037,-2.08850634821967,0.0355357911952395,-1.86070445605361,0.716000000000001,-1.85,0.956138862,-1.977625725,0.707314343,-1.810035872,0.686589533,-2.109319153,0.437765014,-1.9417293,FALSE,"null","null",282,"null",202,27,282,2,0.451685165,-1.942693245,0.158675285852858
0.533141115,-1.586170145,0.347764323867909,-1.42436682185145,0.0745575104706694,-1.79194911657978,0.0508536342483576,-1.58178867953103,0.772,-1.85,1.032662491,-1.544472543,0.76127748,-1.416604737,0.786233217,-1.715564954,0.514848206,-1.587697148,TRUE,"L","1stO",54,"null",199,28,278,2,0.533141115,-1.586170145,0.0062554880649003
0.422393281,-1.588816481,0.209946111232835,-1.43988214159419,-0.0247578617757015,-1.77879787787521,-0.0146898383164653,-1.55552591866568,0.646,-1.85,0.940033617,-1.572911535,0.675741843,-1.430961339,0.684955254,-1.730819827,0.42066348,-1.588869631,TRUE,"f1","1stO",62,"null",208,31,287,2,0.422393281,-1.588816481,0.0588213184049751
0.316717319,-1.639599722,0.0835298719293344,-1.48351258504827,-0.282034496973463,-1.7807424985742,-0.128999232475835,-1.58386152247457,0.59,-1.85,0.765336847,-1.646865357,0.507992305,-1.492677852,0.50313428,-1.792638516,0.245789738,-1.638451012,TRUE,"f3","2ndO",213,"null",212,32,291,2,0.316717319,-1.639599722,0.105731640656082
0.054566056,-1.635821026,-0.223559067761272,-1.4931480007103,-0.38287054518671,-1.82349834962742,-0.546225051296798,-1.63411119959174,0.338,-1.85,0.472714143,-1.607367265,0.203322435,-1.475351708,0.223689463,-1.774659549,-0.0457022459999998,-1.642643992,FALSE,"null","null",309,"null",230,33,309,2,0.054566056,-1.635821026,0.0215951641372714
-0.06566284,-1.79916836,-0.0841310637633607,-1.58284233661473,-0.528940255755128,-2.02895964174053,-0.436079748958713,-1.78158937343005,0.198,-1.85,0.504447433,-1.71148389,0.224856978,-1.602721868,0.270461531,-1.899235316,-0.00912892399999997,-1.790473294,FALSE,"null","null",319,"null",239,34,319,2,-0.06566284,-1.79916836,-0.0630693112278859
0.071986984,-1.78370098,-0.0926697355348558,-1.60494477481344,-0.410762909367274,-1.7708751900724,-0.32504453167295,-1.90741690768982,0.366,-1.85,0.60539205,-1.859231559,0.369180904,-1.674287529,0.327120249,-1.971324397,0.090909102,-1.786380367,FALSE,"null","null",307,"null",228,35,307,2,0.071986984,-1.78370098,0.230203130891679
-0.175446277,-1.754650654,-0.279788424530282,-1.5545671791798,-0.699618802989264,-1.95135197019499,-0.532527058930411,-1.75888268260006,0.114,-1.85,0.363400573,-1.651539061,0.0800309949999998,-1.553041943,0.136414778,-1.847695755,-0.146954801,-1.749198638,TRUE,"L","2ndO",228,"null",245,36,325,2,-0.175446277,-1.754650654,-0.0995328839740669
0.150199953,-1.615827847,0.138640760234341,-1.38977963415298,-0.320784509828207,-1.87274805044614,-0.245131795783788,-1.65528522064667,0.422,-1.85,0.661245424,-1.488772282,0.372922193000001,-1.405888541,0.445304383,-1.697025654,0.156981152,-1.614141912,TRUE,"L","2ndO",207,"null",223,38,303,2,0.150199953,-1.615827847,-0.154140868875971
0.378794683,-1.843490068,0.519871627856022,-1.63345981565703,-0.112887610227385,-1.97684146843049,0.0806085732106796,-1.80015172715918,0.631999999999999,-1.85,1.006244205,-1.820725781,0.741168884,-1.680244201,0.752045928,-1.980046953,0.486970607,-1.839565373,FALSE,"null","null",288,"null",208,39,288,2,0.378794683,-1.843490068,0.0532727568699818
0.419231338,-1.735604944,0.28592173533008,-1.54294716170378,-0.10582026152624,-1.86624018309923,0.0594091220939572,-1.66054395064327,0.674,-1.85,0.947090096,-1.7736023,0.698722717,-1.605335712,0.677183266,-1.904561466,0.428815887,-1.736294877,FALSE,"null","null",285,"null",206,40,285,2,0.419231338,-1.735604944,0.161397515284698
0.359691043,-1.689562212,0.233582405109699,-1.51068087745687,-0.0657464723057501,-1.8624626858954,-0.146477229792773,-1.6471470822618,0.66,-1.85,0.88563138,-1.704095973,0.630066397,-1.546976465,0.621779403,-1.846861986,0.366214421,-1.689742478,FALSE,"null","null",286,"null",208,41,286,2,0.359691043,-1.689562212,0.117164345563139
0.395097023,-1.664158417,0.15554466737251,-1.53634470864844,-0.132531533188867,-1.89103197552749,-0.102969501562204,-1.65681762244219,0.688,-1.85,0.884182971,-1.613502305,0.610304475,-1.491066323,0.641211053,-1.789470049,0.367332557,-1.667034067,FALSE,"null","null",284,"null",204,43,284,2,0.395097023,-1.664158417,-0.013667519415529
0.119369686,-1.67565172,-0.0469045759389688,-1.50490967334767,-0.254197055768954,-1.82740596432421,-0.42839946584176,-1.6491961908041,0.38,-1.85,0.607339588,-1.71221107,0.359464877,-1.543219568,0.337051299,-1.842381115,0.089176588,-1.673389614,TRUE,"f2","1stO",66,"null",226,47,306,2,0.119369686,-1.67565172,0.164319126602925
0.186695427,-1.821673601,-0.00667338846982179,-1.61903699864081,-0.354095749718937,-1.92121032570958,-0.181120893416582,-1.71381932519654,0.492,-1.85,0.684377362,-1.9033933,0.452307548,-1.713278595,0.403698291,-2.009314303,0.171628476,-1.819199598,FALSE,"null","null",298,"null",219,48,298,2,0.186695427,-1.821673601,0.252285875637908
-0.071214948,-1.814732968,-0.127347833371773,-1.61804744929883,-0.530655404140685,-1.99485968743296,-0.52236588789014,-1.75085563933003,0.198,-1.85,0.43224668,-1.789791906,0.165335503,-1.652830512,0.180179046000001,-1.952463069,-0.086732132,-1.815501676,FALSE,"null","null",319,"null",239,49,319,2,-0.071214948,-1.814732968,0.0400388313711188
0.302960096,-2.029950992,0.230385901933188,-1.8249608793656,-0.210963140686361,-1.98494012638447,-0.124990958656219,-2.12281107933692,0.59,-1.85,0.852820349,-2.105566693,0.615870444,-1.92157011,0.574999682,-2.218773039,0.338049777,-2.034776456,TRUE,"f2","1stO",61,"null",211,50,291,2,0.302960096,-2.029950992,0.226198379454406
0.211260098,-1.597889945,0.0984009986276973,-1.40744911585704,-0.172448973715273,-1.51178356310251,-0.186026072709188,-1.69578050010621,0.45,-1.85,0.738369661,-1.775180822,0.539937336,-1.550181684,0.444298529,-1.834528688,0.245866204,-1.60952955,TRUE,"f3","2ndO",219,"null",223,52,301,2,0.211260098,-1.597889945,0.413996478297124
0.228442965,-1.588702799,-0.0435449065958387,-1.45434720468544,-0.312403119610953,-1.60620164863666,-0.245301059272691,-1.78609110359766,0.464,-1.85,0.671461968,-1.568819254,0.40519011,-1.430619045,0.418641146,-1.730317342,0.152369289,-1.592117132,FALSE,"null","null",300,"null",221,55,300,2,0.228442965,-1.588702799,0.0446856942308714
-0.193860445,-1.610437896,-0.502873815356241,-1.50590464681795,-0.508446844991219,-1.82437181133943,-0.680750522971949,-1.63618336150163,0.0580000000000004,-1.85,0.0136175670000002,-1.591028251,-0.259032138,-1.465879786,-0.231089035,-1.76457559,-0.50373874,-1.639427125,FALSE,"null","null",329,"null",249,56,329,2,-0.193860445,-1.610437896,-0.00374137019290718
0.430924612,-2.10565635,0.366423947918482,-1.89506696526332,-0.0912326333435093,-2.15950135805008,0.104830928314139,-2.01521298511418,0.646,-1.85,0.977553046999999,-2.18326252,0.741409295,-1.998232445,0.699240426,-2.29525397,0.463096674,-2.110223896,TRUE,"f3","2ndO",199,"null",207,57,287,2,0.430924612,-2.10565635,0.230567451374196
0.38722977,-1.832900918,0.375229784398639,-1.6041345790834,-0.118345165559835,-2.04452606290426,0.0604760392701367,-2.0087940549062,0.66,-1.85,0.927696046,-1.600828224,0.629782673,-1.565506533,0.748149878,-1.841167928,0.450236504,-1.805846237,TRUE,"f1","1stO",56,"null",206,60,286,2,0.38722977,-1.832900918,-0.316048551996106
0.104379873,-1.730158487,0.0512130135199115,-1.52584768821328,-0.255963324159938,-1.93382789041935,-0.364763505678601,-1.72089235147177,0.366,-1.85,0.677945114,-1.686042517,0.407399281,-1.5564086,0.430405932,-1.855525123,0.159860099,-1.725891206,TRUE,"f2","1stO",67,"null",227,61,307,2,0.104379873,-1.730158487,0.0127733099648597
0.482688949,-1.823644333,0.379866670702663,-1.64177503600552,-0.087766001250601,-2.02590702887855,0.0435946248160006,-1.80121087467033,0.772,-1.85,0.982185842,-1.772927649,0.708554768,-1.649939699,0.738859616,-1.948405135,0.465228543,-1.825417185,FALSE,"null","null",278,"null",199,62,278,2,0.482688949,-1.823644333,-0.0116512338026495
0.500943168,-1.894387226,0.703985215533075,-1.63246048759162,0.157909180989585,-2.13309987508061,0.100215968343154,-1.92226647910607,0.8,-1.85,1.099226828,-1.619173982,0.800508138,-1.591476613,0.925880859,-1.864023272,0.627162169,-1.836325903,TRUE,"L","1stO",53,"null",196,63,276,2,0.500943168,-1.894387226,-0.341605031211385
0.302155838,-1.800564783,0.155728234527282,-1.61647903981067,-0.231420359600349,-1.92742338548484,-0.0522225432762153,-1.74300943513484,0.576,-1.85,0.853974647,-1.793334036,0.592223975,-1.646751004,0.596154681,-1.946725252,0.334404009,-1.80014222,FALSE,"null","null",292,"null",213,64,292,2,0.302155838,-1.800564783,0.0764347869665537
0.33687062,-1.791182113,0.389071003182817,-1.56741592241101,-0.111878486556557,-1.8143338275068,-0.0285616980833547,-1.97977016343999,0.632,-1.85,0.934426639,-1.688052406,0.652893235,-1.584423536,0.703914703,-1.88005305,0.4223813,-1.77642418,TRUE,"f1","1stO",60,"null",209,65,288,2,0.33687062,-1.791182113,-0.0813647684787201
0.172247262,-1.748969305,-0.00201630803631012,-1.59132695827709,-0.330789441548855,-1.71179057955836,-0.30971776709319,-1.86508600995454,0.436,-1.85,0.6017605,-1.77920756,0.353128451,-1.611332296,0.332060232,-1.910591598,0.083428184,-1.742716334,FALSE,"null","null",302,"null",222,68,302,2,0.172247262,-1.748969305,0.159822769412835
0.311354009,-1.939048353,0.309106254764534,-1.70997147397345,-0.109572332839086,-2.19614206853292,-0.0970715235595122,-1.97165920205107,0.576,-1.85,0.865495728,-1.70630851,0.567872859000001,-1.668617292,0.684042741,-1.945211866,0.386419872,-1.907520648,TRUE,"f1","1stO",56,"null",212,71,292,2,0.311354009,-1.939048353,-0.308090966388549
0.391007558,-1.733203397,0.225922248298991,-1.59055085754723,-0.0549456381028982,-1.938451813522,-0.204078837487741,-1.75667934619832,0.66,-1.85,0.857133415,-1.649012649,0.574801369,-1.547579835,0.628123998,-1.842802966,0.345791952,-1.741370152,TRUE,"f2","2ndO",204,"null",206,72,286,2,0.391007558,-1.733203397,-0.0891540193721678
0.209664629,-1.999912247,0.156905523263152,-1.79212064161058,-0.33402728089217,-2.00896205240025,-0.206183452232959,-2.12502922126084,0.464,-1.85,0.708367039,-1.957462432,0.436773478,-1.830038189,0.462217627,-2.128957233,0.190624066,-2.00153299,TRUE,"f3","1stO",66,"null",220,73,300,2,0.209664629,-1.999912247,0.00462167577118523
0.232275727,-1.680055539,0.209479643360415,-1.46098680857039,-0.253817771316577,-1.95795395471127,-0.240650125322208,-1.71807907002685,0.491999999999999,-1.85,0.757888610000001,-1.55585987,0.470550244,-1.46962378,0.539536782,-1.76158415,0.252198416,-1.67534806,FALSE,"null","null",298,"null",218,74,298,2,0.232275727,-1.680055539,-0.142494058080958
0.242661043,-1.800993118,0.141394109369769,-1.60679016230116,-0.276585341007314,-1.91114235120904,-0.0840134019554768,-1.74316954954956,0.534,-1.85,0.776695223,-1.746201043,0.502934697,-1.623501514,0.533554051,-1.921934848,0.259793525,-1.79923532,TRUE,"f2","1stO",65,"null",216,76,295,2,0.242661043,-1.800993118,-0.0127050357027135
0.292509879,-1.809646041,0.258938397692352,-1.60529090491082,-0.171506353487702,-1.95413248477842,-0.116800565459484,-1.72689200889487,0.59,-1.85,0.837629266,-1.855369413,0.591268416,-1.684178491,0.566193154,-1.983128706,0.319832304,-1.811937784,TRUE,"f2","1stO",58,"null",213,77,291,2,0.292509879,-1.809646041,0.173219358590673
0.453047541,-1.686082977,0.35754443137721,-1.50821214983643,-0.0850188671255608,-1.72594395443177,0.0127386101500321,-1.8782586828327,0.716,-1.85,0.986759944,-1.66063127,0.720102152,-1.523177197,0.734392329,-1.822836656,0.467734537,-1.685382583,FALSE,"null","null",282,"null",202,79,282,2,0.453047541,-1.686082977,0.0418855622015053
-0.185582385,-1.800963649,-0.287117665990933,-1.61066457785522,-0.711614229125695,-1.91916367548016,-0.500697582881833,-1.81521158528184,0.0719999999999998,-1.85,0.373862544,-1.646502339,0.0835040579999996,-1.571057329,0.163346005,-1.860237659,-0.127012481,-1.784792649,FALSE,"null","null",328,"null",248,80,328,2,-0.185582385,-1.800963649,-0.179848683505683
0.253670253,-1.594925295,0.162296816680935,-1.40154826644699,-0.152455578478527,-1.59068156617779,-0.153690858744082,-1.73830049299694,0.492,-1.85,0.803566479,-1.577598231,0.539163628,-1.435855039,0.548611849,-1.73570622,0.284208998,-1.593963029,TRUE,"f2","1stO",66,"null",219,81,298,2,0.253670253,-1.594925295,0.0580382416425873
0.392045625,-1.59514421,0.22619140050834,-1.45555858174496,-0.0244131587692292,-1.82284793152148,-0.124948956948818,-1.6193431881721,0.646,-1.85,0.914695326,-1.524576456,0.637153219,-1.410688885,0.677294742,-1.707991186,0.399752635,-1.594103615,TRUE,"L","f3",11,"null",208,84,287,2,0.392045625,-1.59514421,-0.0446700845045735
0.358895706,-1.751962836,0.103043790671444,-1.61514298925308,-0.133317975853768,-1.94340789583386,-0.288381099844385,-1.77824837116371,0.618,-1.85,0.799002613,-1.722651888,0.529801412,-1.590248288,0.549737131,-1.889585167,0.28053593,-1.757181566,TRUE,"f1","1stO",55,"null",209,85,289,2,0.358895706,-1.751962836,0.0230361148782924
0.125836824,-1.756177677,-0.0142141971747932,-1.59046029666293,-0.390602532951327,-1.95807817585356,-0.211202996270289,-1.76616325626564,0.38,-1.85,0.612445761,-1.551606774,0.314810080000001,-1.514016857,0.431074098,-1.790571876,0.133438418,-1.752981959,FALSE,"null","null",306,"null",226,86,306,2,0.125836824,-1.756177677,-0.308431329254271
0.186401854,-1.601103203,-0.0464192892790617,-1.45360837134426,-0.366200918210026,-1.76784271298016,-0.238518173784758,-1.56063595646891,0.422,-1.85,0.661068562,-1.597542891,0.400143182,-1.449495783,0.402393315,-1.749487344,0.141467936,-1.601440236,FALSE,"null","null",303,"null",223,88,303,2,0.186401854,-1.601103203,0.0820370015837526
0.365226811,-1.783635883,0.16590636924641,-1.60316213748019,-0.198428067341495,-1.90814654407101,-0.0493447306889687,-1.69514517347795,0.646,-1.85,0.87328861,-1.826873086,0.627136085,-1.655382752,0.601697362,-1.954302259,0.355544837,-1.782811925,TRUE,"L","2ndO",191,"null",207,89,287,2,0.365226811,-1.783635883,0.174435209263584
0.076923235,-1.796960482,-0.0174624597269814,-1.60405642633213,-0.41662851680479,-1.86582814597208,-0.290837846832218,-2.00812017179618,0.352000000000001,-1.85,0.513257916,-1.741048634,0.236492291,-1.62528686,0.274622466,-1.92285381,-0.00214316000000001,-1.807092035,TRUE,"f1","1stO",59,"null",228,90,308,2,0.076923235,-1.796960482,-0.0379077891531824
0.272107399,-1.656503373,0.3315401271277,-1.42286733446733,-0.085618565664354,-1.94097246116036,-0.0830725633482192,-1.71754470185947,0.562,-1.85,0.852207648,-1.495989441,0.56180695,-1.420707075,0.641810857,-1.709842639,0.351410159,-1.634560273,FALSE,"null","null",293,"null",213,92,293,2,0.272107399,-1.656503373,-0.18040879105931
